"Ticket";"Symbol";"Type";"Open price";"Close price";"Open time";"Close time";"Size";"Profit/Loss";"Stop Loss price level";"Profit Target price level";"Balance";"Slippage ($)";"Sample type";"Close type";"Time in trade";"Comm/Swap"
"1";"USTEC_ICM_UTC2";"Buy";"4261.9";"4232.6";"2015.01.02 17:00:00";"2015.01.02 22:55:00";"30.0";"-879.00";"4179.39990";"4344.39990";"49121.00";"0.00";"IST";"End Of Friday (Time)";"5h 55m";"-0.00"
"2";"USTEC_ICM_UTC2";"Buy";"4151.0";"4233.5";"2015.01.05 21:45:00";"2015.01.08 17:58:00";"30.0";"1925.64";"4068.50000";"4233.50000";"51046.64";"0.00";"IST";"PT";"2d 20h 13m";"-549.36"
"3";"USTEC_ICM_UTC2";"Buy";"4238.0";"4216.9";"2015.01.08 18:00:00";"2015.01.09 22:55:00";"30.0";"-816.12";"4155.50000";"4320.50000";"50230.52";"0.00";"IST";"End Of Friday (Time)";"1d 4h 55m";"-183.12"
"4";"USTEC_ICM_UTC2";"Buy";"4175.0";"4092.5";"2015.01.12 20:15:00";"2015.01.15 19:46:00";"30.0";"-3024.36";"4092.50000";"4257.50000";"47206.16";"0.00";"IST";"SL";"2d 23h 31m";"-549.36"
"5";"USTEC_ICM_UTC2";"Buy";"4099.0";"4141.0";"2015.01.15 20:00:00";"2015.01.16 22:55:00";"30.0";"1076.88";"4016.50000";"4181.50000";"48283.04";"0.00";"IST";"End Of Friday (Time)";"1d 2h 55m";"-183.12"
"6";"USTEC_ICM_UTC2";"Buy";"4149.0";"4231.5";"2015.01.19 17:15:00";"2015.01.22 17:56:00";"30.0";"1925.64";"4066.50000";"4231.50000";"50208.68";"0.00";"IST";"PT";"3d 0h 41m";"-549.36"
"7";"USTEC_ICM_UTC2";"Buy";"4234.6";"4273.9";"2015.01.22 18:45:00";"2015.01.23 22:55:00";"30.0";"995.88";"4152.10010";"4317.10010";"51204.56";"0.00";"IST";"End Of Friday (Time)";"1d 4h 10m";"-183.12"
"8";"USTEC_ICM_UTC2";"Buy";"4257.2";"4174.7";"2015.01.26 16:45:00";"2015.01.27 17:23:00";"30.0";"-2658.12";"4174.70020";"4339.70020";"48546.44";"0.00";"IST";"SL";"1d 0h 38m";"-183.12"
"9";"USTEC_ICM_UTC2";"Buy";"4187.5";"4105.0";"2015.01.27 19:30:00";"2015.01.29 16:47:00";"30.0";"-2841.24";"4105.00000";"4270.00000";"45705.20";"0.00";"IST";"SL";"1d 21h 17m";"-366.24"
"10";"USTEC_ICM_UTC2";"Buy";"4128.7";"4211.2";"2015.01.29 20:00:00";"2015.01.30 01:00:00";"30.0";"2291.88";"4046.19995";"4211.20020";"47997.08";"0.00";"IST";"PT";"5h 0m";"-183.12"
"11";"USTEC_ICM_UTC2";"Buy";"4177.5";"4149.5";"2015.01.30 17:30:00";"2015.01.30 22:55:00";"30.0";"-840.00";"4095.00000";"4260.00000";"47157.08";"0.00";"IST";"End Of Friday (Time)";"5h 25m";"-0.00"
"12";"USTEC_ICM_UTC2";"Buy";"4115.0";"4197.5";"2015.02.02 17:00:00";"2015.02.03 10:26:00";"30.0";"2291.88";"4032.50000";"4197.50000";"49448.96";"0.00";"IST";"PT";"17h 26m";"-183.12"
"13";"USTEC_ICM_UTC2";"Buy";"4212.2";"4224.7";"2015.02.03 17:00:00";"2015.02.06 22:55:00";"30.0";"-174.36";"4129.70020";"4294.70020";"49274.60";"0.00";"IST";"End Of Friday (Time)";"3d 5h 55m";"-549.36"
"14";"USTEC_ICM_UTC2";"Buy";"4211.0";"4293.5";"2015.02.09 17:45:00";"2015.02.11 16:41:00";"30.0";"2108.76";"4128.50000";"4293.50000";"51383.36";"0.00";"IST";"PT";"1d 22h 56m";"-366.24"
"15";"USTEC_ICM_UTC2";"Buy";"4292.0";"4374.5";"2015.02.11 17:15:00";"2015.02.13 22:07:00";"30.0";"2108.76";"4209.50000";"4374.50000";"53492.12";"0.00";"IST";"PT";"2d 4h 52m";"-366.24"
"16";"USTEC_ICM_UTC2";"Buy";"4384.1";"4437.8";"2015.02.16 16:45:00";"2015.02.20 22:55:00";"30.0";"878.52";"4301.60010";"4466.60010";"54370.64";"0.00";"IST";"End Of Friday (Time)";"4d 6h 10m";"-732.48"
"17";"USTEC_ICM_UTC2";"Buy";"4439.0";"4437.8";"2015.02.23 18:00:00";"2015.02.27 22:55:00";"30.0";"-768.48";"4356.50000";"4521.50000";"53602.16";"0.00";"IST";"End Of Friday (Time)";"4d 4h 55m";"-732.48"
"18";"USTEC_ICM_UTC2";"Buy";"4470.6";"4395.5";"2015.03.02 17:45:00";"2015.03.06 22:55:00";"30.0";"-2985.48";"4388.10010";"4553.10010";"50616.68";"0.00";"IST";"End Of Friday (Time)";"4d 5h 10m";"-732.48"
"19";"USTEC_ICM_UTC2";"Buy";"4398.7";"4316.2";"2015.03.09 18:30:00";"2015.03.11 16:46:00";"30.0";"-2841.24";"4316.20020";"4481.20020";"47775.44";"0.00";"IST";"SL";"1d 22h 16m";"-366.24"
"20";"USTEC_ICM_UTC2";"Buy";"4329.3";"4312.7";"2015.03.11 18:15:00";"2015.03.13 22:55:00";"30.0";"-864.24";"4246.79980";"4411.79980";"46911.20";"0.00";"IST";"End Of Friday (Time)";"2d 4h 40m";"-366.24"
"21";"USTEC_ICM_UTC2";"Buy";"4356.1";"4438.6";"2015.03.16 17:00:00";"2015.03.18 21:15:00";"30.0";"2108.76";"4273.60010";"4438.60010";"49019.96";"0.00";"IST";"PT";"2d 4h 15m";"-366.24"
"22";"USTEC_ICM_UTC2";"Buy";"4431.1";"4454.6";"2015.03.18 21:30:00";"2015.03.20 22:55:00";"30.0";"338.76";"4348.60010";"4513.60010";"49358.72";"0.00";"IST";"End Of Friday (Time)";"2d 1h 25m";"-366.24"
"23";"USTEC_ICM_UTC2";"Buy";"4458.1";"4375.6";"2015.03.23 17:00:00";"2015.03.25 17:39:00";"30.0";"-2841.24";"4375.60010";"4540.60010";"46517.48";"0.00";"IST";"SL";"2d 0h 39m";"-366.24"
"24";"USTEC_ICM_UTC2";"Buy";"4354.9";"4332.9";"2015.03.25 20:45:00";"2015.03.27 22:55:00";"30.0";"-1026.24";"4272.39990";"4437.39990";"45491.24";"0.00";"IST";"End Of Friday (Time)";"2d 2h 10m";"-366.24"
"25";"USTEC_ICM_UTC2";"Buy";"4379.0";"4296.5";"2015.03.30 17:00:00";"2015.04.01 03:55:00";"30.0";"-2841.24";"4296.50000";"4461.50000";"42650.00";"0.00";"IST";"SL";"1d 10h 55m";"-366.24"
"26";"USTEC_ICM_UTC2";"Buy";"4291.5";"4374.0";"2015.04.01 17:15:00";"2015.04.07 17:30:00";"30.0";"1376.28";"4209.00000";"4374.00000";"44026.28";"0.00";"IST";"PT";"6d 0h 15m";"-1098.72"
"27";"USTEC_ICM_UTC2";"Buy";"4370.0";"4419.7";"2015.04.07 18:30:00";"2015.04.10 22:55:00";"30.0";"941.64";"4287.50000";"4452.50000";"44967.92";"0.00";"IST";"End Of Friday (Time)";"3d 4h 25m";"-549.36"
"28";"USTEC_ICM_UTC2";"Buy";"4445.5";"4363.0";"2015.04.13 17:30:00";"2015.04.17 16:45:00";"30.0";"-3207.48";"4363.00000";"4528.00000";"41760.44";"0.00";"IST";"SL";"3d 23h 15m";"-732.48"
"29";"USTEC_ICM_UTC2";"Buy";"4356.1";"4350.7";"2015.04.17 18:30:00";"2015.04.17 22:55:00";"30.0";"-162.00";"4273.60010";"4438.60010";"41598.44";"0.00";"IST";"End Of Friday (Time)";"4h 25m";"-0.00"
"30";"USTEC_ICM_UTC2";"Buy";"4382.0";"4464.5";"2015.04.20 16:45:00";"2015.04.22 22:19:00";"30.0";"2108.76";"4299.50000";"4464.50000";"43707.20";"0.00";"IST";"PT";"2d 5h 34m";"-366.24"
"31";"USTEC_ICM_UTC2";"Buy";"4464.8";"4537.0";"2015.04.22 22:30:00";"2015.04.24 22:55:00";"30.0";"1799.76";"4382.29980";"4547.29980";"45506.96";"0.00";"IST";"End Of Friday (Time)";"2d 0h 25m";"-366.24"
"32";"USTEC_ICM_UTC2";"Buy";"4561.0";"4478.5";"2015.04.27 17:00:00";"2015.04.29 19:12:00";"30.0";"-2841.24";"4478.50000";"4643.50000";"42665.72";"0.00";"IST";"SL";"2d 2h 12m";"-366.24"
"33";"USTEC_ICM_UTC2";"Buy";"4475.3";"4475.5";"2015.04.29 19:15:00";"2015.05.01 22:55:00";"30.0";"-360.24";"4392.79980";"4557.79980";"42305.48";"0.00";"IST";"End Of Friday (Time)";"2d 3h 40m";"-366.24"
"34";"USTEC_ICM_UTC2";"Buy";"4506.4";"4423.9";"2015.05.04 17:30:00";"2015.05.05 18:06:00";"30.0";"-2658.12";"4423.89990";"4588.89990";"39647.36";"0.00";"IST";"SL";"1d 0h 36m";"-183.12"
"35";"USTEC_ICM_UTC2";"Buy";"4417.5";"4461.2";"2015.05.05 20:15:00";"2015.05.08 22:55:00";"30.0";"761.64";"4335.00000";"4500.00000";"40409.00";"0.00";"IST";"End Of Friday (Time)";"3d 2h 40m";"-549.36"
"36";"USTEC_ICM_UTC2";"Buy";"4451.5";"4490.9";"2015.05.11 18:00:00";"2015.05.15 22:55:00";"30.0";"449.52";"4369.00000";"4534.00000";"40858.52";"0.00";"IST";"End Of Friday (Time)";"4d 4h 55m";"-732.48"
"37";"USTEC_ICM_UTC2";"Buy";"4487.9";"4530.0";"2015.05.18 17:15:00";"2015.05.22 22:55:00";"30.0";"530.52";"4405.39990";"4570.39990";"41389.04";"0.00";"IST";"End Of Friday (Time)";"4d 5h 40m";"-732.48"
"38";"USTEC_ICM_UTC2";"Buy";"4532.0";"4511.9";"2015.05.25 17:45:00";"2015.05.29 22:55:00";"30.0";"-1335.48";"4449.50000";"4614.50000";"40053.56";"0.00";"IST";"End Of Friday (Time)";"4d 5h 10m";"-732.48"
"39";"USTEC_ICM_UTC2";"Buy";"4493.0";"4477.9";"2015.06.01 17:15:00";"2015.06.05 22:55:00";"30.0";"-1185.48";"4410.50000";"4575.50000";"38868.08";"0.00";"IST";"End Of Friday (Time)";"4d 5h 40m";"-732.48"
"40";"USTEC_ICM_UTC2";"Buy";"4453.8";"4455.0";"2015.06.08 18:30:00";"2015.06.12 22:55:00";"30.0";"-696.48";"4371.29980";"4536.29980";"38171.60";"0.00";"IST";"End Of Friday (Time)";"4d 4h 25m";"-732.48"
"41";"USTEC_ICM_UTC2";"Buy";"4420.9";"4503.4";"2015.06.15 16:30:00";"2015.06.18 16:46:00";"30.0";"1925.64";"4338.39990";"4503.39990";"40097.24";"0.00";"IST";"PT";"3d 0h 16m";"-549.36"
"42";"USTEC_ICM_UTC2";"Buy";"4519.0";"4517.5";"2015.06.18 17:30:00";"2015.06.19 22:55:00";"30.0";"-228.12";"4436.50000";"4601.50000";"39869.12";"0.00";"IST";"End Of Friday (Time)";"1d 5h 25m";"-183.12"
"43";"USTEC_ICM_UTC2";"Buy";"4547.0";"4483.9";"2015.06.22 17:00:00";"2015.06.26 22:55:00";"30.0";"-2625.48";"4464.50000";"4629.50000";"37243.64";"0.00";"IST";"End Of Friday (Time)";"4d 5h 55m";"-732.48"
"44";"USTEC_ICM_UTC2";"Buy";"4447.8";"4365.3";"2015.06.29 17:00:00";"2015.07.07 17:36:00";"30.0";"-3939.96";"4365.29980";"4530.29980";"33303.68";"0.00";"IST";"SL";"8d 0h 36m";"-1464.96"
"45";"USTEC_ICM_UTC2";"Buy";"4399.0";"4427.5";"2015.07.07 21:00:00";"2015.07.10 22:55:00";"30.0";"305.64";"4316.50000";"4481.50000";"33609.32";"0.00";"IST";"End Of Friday (Time)";"3d 1h 55m";"-549.36"
"46";"USTEC_ICM_UTC2";"Buy";"4457.9";"4540.4";"2015.07.13 16:30:00";"2015.07.15 16:48:00";"30.0";"2108.76";"4375.39990";"4540.39990";"35718.08";"0.00";"IST";"PT";"2d 0h 18m";"-366.24"
"47";"USTEC_ICM_UTC2";"Buy";"4543.7";"4626.2";"2015.07.15 18:00:00";"2015.07.17 12:04:00";"30.0";"2108.76";"4461.20020";"4626.20020";"37826.84";"0.00";"IST";"PT";"1d 18h 4m";"-366.24"
"48";"USTEC_ICM_UTC2";"Buy";"4635.4";"4657.9";"2015.07.17 16:30:00";"2015.07.17 22:55:00";"30.0";"675.00";"4552.89990";"4717.89990";"38501.84";"0.00";"IST";"End Of Friday (Time)";"6h 25m";"-0.00"
"49";"USTEC_ICM_UTC2";"Buy";"4672.0";"4589.5";"2015.07.20 16:30:00";"2015.07.24 19:53:00";"30.0";"-3207.48";"4589.50000";"4754.50000";"35294.36";"0.00";"IST";"SL";"4d 3h 23m";"-732.48"
"50";"USTEC_ICM_UTC2";"Buy";"4526.9";"4609.4";"2015.07.27 16:45:00";"2015.07.31 10:25:00";"30.0";"1742.52";"4444.39990";"4609.39990";"37036.88";"0.00";"IST";"PT";"3d 17h 40m";"-732.48"
"51";"USTEC_ICM_UTC2";"Buy";"4602.0";"4590.5";"2015.07.31 16:45:00";"2015.07.31 22:55:00";"30.0";"-345.00";"4519.50000";"4684.50000";"36691.88";"0.00";"IST";"End Of Friday (Time)";"6h 10m";"-0.00"
"52";"USTEC_ICM_UTC2";"Buy";"4592.0";"4509.5";"2015.08.03 19:30:00";"2015.08.06 19:22:00";"30.0";"-3024.36";"4509.50000";"4674.50000";"33667.52";"0.00";"IST";"SL";"2d 23h 52m";"-549.36"
"53";"USTEC_ICM_UTC2";"Buy";"4533.2";"4517.3";"2015.08.06 21:30:00";"2015.08.07 22:55:00";"30.0";"-660.12";"4450.70020";"4615.70020";"33007.40";"0.00";"IST";"End Of Friday (Time)";"1d 1h 25m";"-183.12"
"54";"USTEC_ICM_UTC2";"Buy";"4551.4";"4468.9";"2015.08.10 16:30:00";"2015.08.12 10:40:00";"30.0";"-2841.24";"4468.89990";"4633.89990";"30166.16";"0.00";"IST";"SL";"1d 18h 10m";"-366.24"
"55";"USTEC_ICM_UTC2";"Buy";"4452.9";"4535.4";"2015.08.12 17:15:00";"2015.08.12 22:34:00";"30.0";"2475.00";"4370.39990";"4535.39990";"32641.16";"0.00";"IST";"PT";"5h 19m";"-0.00"
"56";"USTEC_ICM_UTC2";"Buy";"4537.0";"4530.9";"2015.08.13 18:45:00";"2015.08.14 22:55:00";"30.0";"-366.12";"4454.50000";"4619.50000";"32275.04";"0.00";"IST";"End Of Friday (Time)";"1d 4h 10m";"-183.12"
"57";"USTEC_ICM_UTC2";"Buy";"4516.3";"4433.8";"2015.08.17 17:00:00";"2015.08.20 17:20:00";"30.0";"-3024.36";"4433.79980";"4598.79980";"29250.68";"0.00";"IST";"SL";"3d 0h 20m";"-549.36"
"58";"USTEC_ICM_UTC2";"Buy";"4426.8";"4339.0";"2015.08.20 18:45:00";"2015.08.21 09:00:00";"30.0";"-2817.48";"4344.29980";"4509.29980";"26433.20";"0.00";"IST";"SL";"14h 15m";"-183.12"
"59";"USTEC_ICM_UTC2";"Buy";"4344.1";"4261.6";"2015.08.21 17:00:00";"2015.08.21 20:04:00";"30.0";"-2475.00";"4261.60010";"4426.60010";"23958.20";"0.00";"IST";"SL";"3h 4m";"-0.00"
"60";"USTEC_ICM_UTC2";"Buy";"4086.0";"4168.5";"2015.08.24 18:15:00";"2015.08.24 18:54:00";"30.0";"2475.00";"4003.50000";"4168.50000";"26433.20";"0.00";"IST";"PT";"39m 0s";"-0.00"
"61";"USTEC_ICM_UTC2";"Buy";"4171.0";"4088.5";"2015.08.25 18:00:00";"2015.08.25 22:33:00";"30.0";"-2475.00";"4088.50000";"4253.50000";"23958.20";"0.00";"IST";"SL";"4h 33m";"-0.00"
"62";"USTEC_ICM_UTC2";"Buy";"4136.7";"4054.2";"2015.08.26 16:30:00";"2015.08.26 19:40:00";"30.0";"-2475.00";"4054.19995";"4219.20020";"21483.20";"0.00";"IST";"SL";"3h 10m";"-0.00"
"63";"USTEC_ICM_UTC2";"Buy";"4299.9";"4321.0";"2015.08.27 16:45:00";"2015.08.28 22:55:00";"30.0";"449.88";"4217.39990";"4382.39990";"21933.08";"0.00";"IST";"End Of Friday (Time)";"1d 6h 10m";"-183.12"
"64";"USTEC_ICM_UTC2";"Buy";"4308.0";"4186.0";"2015.08.31 18:30:00";"2015.09.01 09:00:00";"30.0";"-3843.15";"4225.50000";"4390.50000";"18089.93";"0.00";"IST";"SL";"14h 30m";"-183.12"
"65";"USTEC_ICM_UTC2";"Buy";"4218.5";"4136.0";"2015.09.01 17:30:00";"2015.09.01 22:40:00";"30.0";"-2475.00";"4136.00000";"4301.00000";"15614.93";"0.00";"IST";"SL";"5h 10m";"-0.00"
"66";"USTEC_ICM_UTC2";"Buy";"4191.0";"4273.5";"2015.09.02 16:45:00";"2015.09.03 10:20:00";"30.0";"2291.88";"4108.50000";"4273.50000";"17906.81";"0.00";"IST";"PT";"17h 35m";"-183.12"
"67";"USTEC_ICM_UTC2";"Buy";"4280.0";"4195.2";"2015.09.03 16:45:00";"2015.09.04 09:00:00";"30.0";"-2727.27";"4197.50000";"4362.50000";"15179.54";"0.00";"IST";"SL";"16h 15m";"-183.12"
"68";"USTEC_ICM_UTC2";"Buy";"4203.5";"4196.0";"2015.09.04 17:30:00";"2015.09.04 22:55:00";"30.0";"-225.00";"4121.00000";"4286.00000";"14954.54";"0.00";"IST";"End Of Friday (Time)";"5h 25m";"-0.00"
"69";"USTEC_ICM_UTC2";"Buy";"4217.3";"4299.8";"2015.09.07 16:45:00";"2015.09.08 22:38:00";"30.0";"2291.88";"4134.79980";"4299.79980";"17246.42";"0.00";"IST";"PT";"1d 5h 53m";"-183.12"
"70";"USTEC_ICM_UTC2";"Buy";"4298.0";"4313.9";"2015.09.08 22:45:00";"2015.09.11 22:55:00";"30.0";"-72.36";"4215.50000";"4380.50000";"17174.06";"0.00";"IST";"End Of Friday (Time)";"3d 0h 10m";"-549.36"
"71";"USTEC_ICM_UTC2";"Buy";"4314.0";"4396.5";"2015.09.14 17:15:00";"2015.09.17 20:19:00";"30.0";"1925.64";"4231.50000";"4396.50000";"19099.70";"0.00";"IST";"PT";"3d 3h 4m";"-549.36"
"72";"USTEC_ICM_UTC2";"Buy";"4400.0";"4317.5";"2015.09.17 21:15:00";"2015.09.18 16:13:00";"30.0";"-2658.12";"4317.50000";"4482.50000";"16441.58";"0.00";"IST";"SL";"18h 58m";"-183.12"
"73";"USTEC_ICM_UTC2";"Buy";"4351.0";"4325.2";"2015.09.18 18:00:00";"2015.09.18 22:55:00";"30.0";"-774.00";"4268.50000";"4433.50000";"15667.58";"0.00";"IST";"End Of Friday (Time)";"4h 55m";"-0.00"
"74";"USTEC_ICM_UTC2";"Buy";"4363.9";"4281.4";"2015.09.21 18:30:00";"2015.09.22 12:13:00";"30.0";"-2658.12";"4281.39990";"4446.39990";"13009.46";"0.00";"IST";"SL";"17h 43m";"-183.12"
"75";"USTEC_ICM_UTC2";"Buy";"4263.9";"4225.1";"2015.09.22 17:30:00";"2015.09.25 22:55:00";"30.0";"-1713.36";"4181.39990";"4346.39990";"11296.10";"0.00";"IST";"End Of Friday (Time)";"3d 5h 25m";"-549.36"
"76";"USTEC_ICM_UTC2";"Buy";"4203.4";"4120.9";"2015.09.28 16:45:00";"2015.09.28 19:55:00";"30.0";"-2475.00";"4120.89990";"4285.89990";"8821.10";"0.00";"IST";"SL";"3h 10m";"-0.00"
"77";"USTEC_ICM_UTC2";"Buy";"4114.3";"4219.0";"2015.09.29 16:30:00";"2015.10.01 09:00:00";"30.0";"2773.35";"4031.80005";"4196.79980";"11594.45";"0.00";"IST";"PT";"1d 16h 30m";"-366.24"
"78";"USTEC_ICM_UTC2";"Buy";"4184.1";"4263.1";"2015.10.01 16:30:00";"2015.10.02 22:55:00";"30.0";"2186.88";"4101.60010";"4266.60010";"13781.33";"0.00";"IST";"End Of Friday (Time)";"1d 6h 25m";"-183.12"
"79";"USTEC_ICM_UTC2";"Buy";"4314.5";"4366.8";"2015.10.05 18:15:00";"2015.10.09 22:55:00";"30.0";"836.52";"4232.00000";"4397.00000";"14617.85";"0.00";"IST";"End Of Friday (Time)";"4d 4h 40m";"-732.48"
"80";"USTEC_ICM_UTC2";"Buy";"4379.6";"4434.3";"2015.10.12 16:30:00";"2015.10.16 22:55:00";"30.0";"908.52";"4297.10010";"4462.10010";"15526.37";"0.00";"IST";"End Of Friday (Time)";"4d 6h 25m";"-732.48"
"81";"USTEC_ICM_UTC2";"Buy";"4450.7";"4582.1";"2015.10.19 18:00:00";"2015.10.23 09:00:00";"30.0";"3210.24";"4368.20020";"4533.20020";"18736.61";"0.00";"IST";"PT";"3d 15h 0m";"-732.48"
"82";"USTEC_ICM_UTC2";"Buy";"4616.8";"4627.9";"2015.10.23 16:45:00";"2015.10.23 22:55:00";"30.0";"333.00";"4534.29980";"4699.29980";"19069.61";"0.00";"IST";"End Of Friday (Time)";"6h 10m";"-0.00"
"83";"USTEC_ICM_UTC2";"Buy";"4626.0";"4708.5";"2015.10.26 17:45:00";"2015.11.03 18:35:00";"30.0";"1010.04";"4543.50000";"4708.50000";"20079.65";"0.00";"IST";"PT";"8d 0h 50m";"-1464.96"
"84";"USTEC_ICM_UTC2";"Buy";"4715.8";"4701.5";"2015.11.03 19:30:00";"2015.11.06 22:55:00";"30.0";"-978.36";"4633.29980";"4798.29980";"19101.29";"0.00";"IST";"End Of Friday (Time)";"3d 3h 25m";"-549.36"
"85";"USTEC_ICM_UTC2";"Buy";"4688.1";"4605.6";"2015.11.09 16:30:00";"2015.11.12 21:54:00";"30.0";"-3024.36";"4605.60010";"4770.60010";"16076.93";"0.00";"IST";"SL";"3d 5h 24m";"-549.36"
"86";"USTEC_ICM_UTC2";"Buy";"4563.3";"4506.7";"2015.11.13 17:00:00";"2015.11.13 22:55:00";"30.0";"-1698.00";"4480.79980";"4645.79980";"14378.93";"0.00";"IST";"End Of Friday (Time)";"5h 55m";"-0.00"
"87";"USTEC_ICM_UTC2";"Buy";"4542.1";"4624.6";"2015.11.16 21:00:00";"2015.11.18 21:08:00";"30.0";"2108.76";"4459.60010";"4624.60010";"16487.69";"0.00";"IST";"PT";"2d 0h 8m";"-366.24"
"88";"USTEC_ICM_UTC2";"Buy";"4632.9";"4682.7";"2015.11.18 21:15:00";"2015.11.20 22:55:00";"30.0";"1127.76";"4550.39990";"4715.39990";"17615.45";"0.00";"IST";"End Of Friday (Time)";"2d 1h 40m";"-366.24"
"89";"USTEC_ICM_UTC2";"Buy";"4691.3";"4608.8";"2015.11.23 16:30:00";"2015.12.03 20:52:00";"30.0";"-4306.20";"4608.79980";"4773.79980";"13309.25";"0.00";"IST";"SL";"10d 4h 22m";"-1831.20"
"90";"USTEC_ICM_UTC2";"Buy";"4646.7";"4714.8";"2015.12.04 16:45:00";"2015.12.04 22:55:00";"30.0";"2043.00";"4564.20020";"4729.20020";"15352.25";"0.00";"IST";"End Of Friday (Time)";"6h 10m";"-0.00"
"91";"USTEC_ICM_UTC2";"Buy";"4679.7";"4597.2";"2015.12.07 19:45:00";"2015.12.09 19:43:00";"30.0";"-2841.24";"4597.20020";"4762.20020";"12511.01";"0.00";"IST";"SL";"1d 23h 58m";"-366.24"
"92";"USTEC_ICM_UTC2";"Buy";"4599.9";"4536.0";"2015.12.09 22:00:00";"2015.12.11 22:55:00";"30.0";"-2283.24";"4517.39990";"4682.39990";"10227.77";"0.00";"IST";"End Of Friday (Time)";"2d 0h 55m";"-366.24"
"93";"USTEC_ICM_UTC2";"Buy";"4490.8";"4573.3";"2015.12.14 18:45:00";"2015.12.15 09:12:00";"30.0";"2291.88";"4408.29980";"4573.29980";"12519.65";"0.00";"IST";"PT";"14h 27m";"-183.12"
"94";"USTEC_ICM_UTC2";"Buy";"4626.2";"4543.7";"2015.12.15 16:45:00";"2015.12.18 19:25:00";"30.0";"-3024.36";"4543.70020";"4708.70020";"9495.29";"0.00";"IST";"SL";"3d 2h 40m";"-549.36"
"95";"USTEC_ICM_UTC2";"Buy";"4550.6";"4633.1";"2015.12.21 17:15:00";"2015.12.24 16:36:00";"30.0";"1925.64";"4468.10010";"4633.10010";"11420.93";"0.00";"IST";"PT";"2d 23h 21m";"-549.36"
"96";"USTEC_ICM_UTC2";"Buy";"4629.9";"4547.4";"2015.12.24 17:30:00";"2016.01.04 09:00:00";"30.0";"-4489.32";"4547.39990";"4712.39990";"6931.61";"0.00";"IST";"SL";"10d 15h 30m";"-2014.32"
"97";"USTEC_ICM_UTC2";"Buy";"4460.9";"4378.4";"2016.01.04 19:30:00";"2016.01.07 09:00:00";"30.0";"-3024.36";"4378.39990";"4543.39990";"3907.25";"0.00";"IST";"SL";"2d 13h 30m";"-549.36"
"98";"USTEC_ICM_UTC2";"Buy";"4364.0";"4281.5";"2016.01.07 17:00:00";"2016.01.08 22:41:00";"30.0";"-2658.12";"4281.50000";"4446.50000";"1249.13";"0.00";"IST";"SL";"1d 5h 41m";"-183.12"
"99";"USTEC_ICM_UTC2";"Buy";"4301.0";"4218.5";"2016.01.11 16:30:00";"2016.01.11 20:51:00";"30.0";"-2475.00";"4218.50000";"4383.50000";"-1225.87";"0.00";"IST";"SL";"4h 21m";"-0.00"
"100";"USTEC_ICM_UTC2";"Buy";"4293.9";"4211.4";"2016.01.12 20:00:00";"2016.01.13 21:16:00";"30.0";"-2658.12";"4211.39990";"4376.39990";"-3883.99";"0.00";"IST";"SL";"1d 1h 16m";"-183.12"
"101";"USTEC_ICM_UTC2";"Buy";"4197.9";"4280.4";"2016.01.14 16:30:00";"2016.01.14 20:56:00";"30.0";"2475.00";"4115.39990";"4280.39990";"-1408.99";"0.00";"IST";"PT";"4h 26m";"-0.00"
"102";"USTEC_ICM_UTC2";"Buy";"4142.0";"4141.0";"2016.01.15 18:30:00";"2016.01.15 22:55:00";"30.0";"-30.00";"4059.50000";"4224.50000";"-1438.99";"0.00";"IST";"End Of Friday (Time)";"4h 25m";"-0.00"
"103";"USTEC_ICM_UTC2";"Buy";"4183.9";"4101.4";"2016.01.19 16:45:00";"2016.01.19 21:45:00";"30.0";"-2475.00";"4101.39990";"4266.39990";"-3913.99";"0.00";"IST";"SL";"5h 0m";"-0.00"
"104";"USTEC_ICM_UTC2";"Buy";"4078.8";"3996.3";"2016.01.20 16:45:00";"2016.01.20 19:24:00";"30.0";"-2475.00";"3996.30005";"4161.29980";"-6388.99";"0.00";"IST";"SL";"2h 39m";"-0.00"
"105";"USTEC_ICM_UTC2";"Buy";"4153.9";"4236.4";"2016.01.21 16:30:00";"2016.01.22 16:58:00";"30.0";"2291.88";"4071.39990";"4236.39990";"-4097.11";"0.00";"IST";"PT";"1d 0h 28m";"-183.12"
"106";"USTEC_ICM_UTC2";"Buy";"4246.2";"4258.3";"2016.01.22 17:15:00";"2016.01.22 22:55:00";"30.0";"363.00";"4163.70020";"4328.70020";"-3734.11";"0.00";"IST";"End Of Friday (Time)";"5h 40m";"-0.00"
"107";"USTEC_ICM_UTC2";"Buy";"4253.6";"4171.1";"2016.01.25 17:30:00";"2016.01.26 09:00:00";"30.0";"-2658.12";"4171.10010";"4336.10010";"-6392.23";"0.00";"IST";"SL";"15h 30m";"-183.12"
"108";"USTEC_ICM_UTC2";"Buy";"4213.7";"4131.2";"2016.01.26 16:30:00";"2016.01.27 22:02:00";"30.0";"-2658.12";"4131.20020";"4296.20020";"-9050.35";"0.00";"IST";"SL";"1d 5h 32m";"-183.12"
"109";"USTEC_ICM_UTC2";"Buy";"4150.9";"4233.4";"2016.01.28 17:15:00";"2016.01.29 17:11:00";"30.0";"2291.88";"4068.39990";"4233.39990";"-6758.47";"0.00";"IST";"PT";"23h 56m";"-183.12"
"110";"USTEC_ICM_UTC2";"Buy";"4225.0";"4272.9";"2016.01.29 17:45:00";"2016.01.29 22:55:00";"30.0";"1437.00";"4142.50000";"4307.50000";"-5321.47";"0.00";"IST";"End Of Friday (Time)";"5h 10m";"-0.00"
"111";"USTEC_ICM_UTC2";"Buy";"4251.9";"4169.4";"2016.02.01 17:00:00";"2016.02.03 17:01:00";"30.0";"-2841.24";"4169.39990";"4334.39990";"-8162.71";"0.00";"IST";"SL";"2d 0h 1m";"-366.24"
"112";"USTEC_ICM_UTC2";"Buy";"4132.5";"4050.0";"2016.02.03 17:15:00";"2016.02.05 18:18:00";"30.0";"-2841.24";"4050.00000";"4215.00000";"-11003.95";"0.00";"IST";"SL";"2d 1h 3m";"-366.24"
"113";"USTEC_ICM_UTC2";"Buy";"3955.7";"4038.2";"2016.02.08 16:45:00";"2016.02.10 17:32:00";"30.0";"2108.76";"3873.19995";"4038.19995";"-8895.19";"0.00";"IST";"PT";"2d 0h 47m";"-366.24"
"114";"USTEC_ICM_UTC2";"Buy";"4003.6";"3921.1";"2016.02.10 18:15:00";"2016.02.11 10:20:00";"30.0";"-2658.12";"3921.10010";"4086.10010";"-11553.31";"0.00";"IST";"SL";"16h 5m";"-183.12"
"115";"USTEC_ICM_UTC2";"Buy";"3913.6";"3996.1";"2016.02.11 16:30:00";"2016.02.12 10:14:00";"30.0";"2291.88";"3831.10010";"3996.10010";"-9261.43";"0.00";"IST";"PT";"17h 44m";"-183.12"
"116";"USTEC_ICM_UTC2";"Buy";"3989.5";"4016.7";"2016.02.12 16:45:00";"2016.02.12 22:55:00";"30.0";"816.00";"3907.00000";"4072.00000";"-8445.43";"0.00";"IST";"End Of Friday (Time)";"6h 10m";"-0.00"
"117";"USTEC_ICM_UTC2";"Buy";"4079.9";"4162.4";"2016.02.15 18:00:00";"2016.02.17 17:20:00";"30.0";"2108.76";"3997.39990";"4162.39990";"-6336.67";"0.00";"IST";"PT";"1d 23h 20m";"-366.24"
"118";"USTEC_ICM_UTC2";"Buy";"4168.6";"4165.4";"2016.02.17 18:15:00";"2016.02.19 22:55:00";"30.0";"-462.24";"4086.10010";"4251.10010";"-6798.91";"0.00";"IST";"End Of Friday (Time)";"2d 4h 40m";"-366.24"
"119";"USTEC_ICM_UTC2";"Buy";"4213.8";"4131.3";"2016.02.22 18:00:00";"2016.02.24 11:25:00";"30.0";"-2841.24";"4131.29980";"4296.29980";"-9640.15";"0.00";"IST";"SL";"1d 17h 25m";"-366.24"
"120";"USTEC_ICM_UTC2";"Buy";"4127.1";"4209.6";"2016.02.24 19:45:00";"2016.02.25 12:50:00";"30.0";"2291.88";"4044.60010";"4209.60010";"-7348.27";"0.00";"IST";"PT";"17h 5m";"-183.12"
"121";"USTEC_ICM_UTC2";"Buy";"4198.1";"4280.6";"2016.02.25 18:30:00";"2016.02.26 10:40:00";"30.0";"2291.88";"4115.60010";"4280.60010";"-5056.39";"0.00";"IST";"PT";"16h 10m";"-183.12"
"122";"USTEC_ICM_UTC2";"Buy";"4272.7";"4239.1";"2016.02.26 16:30:00";"2016.02.26 22:55:00";"30.0";"-1008.00";"4190.20020";"4355.20020";"-6064.39";"0.00";"IST";"End Of Friday (Time)";"6h 25m";"-0.00"
"123";"USTEC_ICM_UTC2";"Buy";"4231.4";"4313.9";"2016.02.29 16:30:00";"2016.03.01 20:39:00";"30.0";"2291.88";"4148.89990";"4313.89990";"-3772.51";"0.00";"IST";"PT";"1d 4h 9m";"-183.12"
"124";"USTEC_ICM_UTC2";"Buy";"4315.4";"4326.8";"2016.03.01 21:30:00";"2016.03.04 22:55:00";"30.0";"-207.36";"4232.89990";"4397.89990";"-3979.87";"0.00";"IST";"End Of Friday (Time)";"3d 1h 25m";"-549.36"
"125";"USTEC_ICM_UTC2";"Buy";"4319.4";"4236.9";"2016.03.07 19:30:00";"2016.03.10 19:46:00";"30.0";"-3024.36";"4236.89990";"4401.89990";"-7004.23";"0.00";"IST";"SL";"3d 0h 16m";"-549.36"
"126";"USTEC_ICM_UTC2";"Buy";"4247.0";"4329.5";"2016.03.10 20:00:00";"2016.03.11 09:16:00";"30.0";"2291.88";"4164.50000";"4329.50000";"-4712.35";"0.00";"IST";"PT";"13h 16m";"-183.12"
"127";"USTEC_ICM_UTC2";"Buy";"4335.8";"4357.7";"2016.03.11 17:00:00";"2016.03.11 22:55:00";"30.0";"657.00";"4253.29980";"4418.29980";"-4055.35";"0.00";"IST";"End Of Friday (Time)";"5h 55m";"-0.00"
"128";"USTEC_ICM_UTC2";"Buy";"4358.2";"4440.7";"2016.03.14 16:30:00";"2016.03.22 18:52:00";"30.0";"1010.04";"4275.70020";"4440.70020";"-3045.31";"0.00";"IST";"PT";"8d 2h 22m";"-1464.96"
"129";"USTEC_ICM_UTC2";"Buy";"4445.0";"4527.5";"2016.03.22 19:45:00";"2016.04.01 22:34:00";"30.0";"643.80";"4362.50000";"4527.50000";"-2401.51";"0.00";"IST";"PT";"10d 2h 49m";"-1831.20"
"130";"USTEC_ICM_UTC2";"Buy";"4529.7";"4526.5";"2016.04.01 22:45:00";"2016.04.01 22:55:00";"30.0";"-96.00";"4447.20020";"4612.20020";"-2497.51";"0.00";"IST";"End Of Friday (Time)";"10m 0s";"-0.00"
"131";"USTEC_ICM_UTC2";"Buy";"4483.8";"4469.5";"2016.04.05 18:15:00";"2016.04.08 22:55:00";"30.0";"-978.36";"4401.29980";"4566.29980";"-3475.87";"0.00";"IST";"End Of Friday (Time)";"3d 4h 40m";"-549.36"
"132";"USTEC_ICM_UTC2";"Buy";"4492.7";"4542.9";"2016.04.11 16:45:00";"2016.04.15 22:55:00";"30.0";"773.52";"4410.20020";"4575.20020";"-2702.35";"0.00";"IST";"End Of Friday (Time)";"4d 6h 10m";"-732.48"
"133";"USTEC_ICM_UTC2";"Buy";"4564.9";"4482.4";"2016.04.18 18:00:00";"2016.04.22 16:30:00";"30.0";"-3207.48";"4482.39990";"4647.39990";"-5909.83";"0.00";"IST";"SL";"3d 22h 30m";"-732.48"
"134";"USTEC_ICM_UTC2";"Buy";"4450.7";"4473.7";"2016.04.22 19:45:00";"2016.04.22 22:55:00";"30.0";"690.00";"4368.20020";"4533.20020";"-5219.83";"0.00";"IST";"End Of Friday (Time)";"3h 10m";"-0.00"
"135";"USTEC_ICM_UTC2";"Buy";"4468.3";"4385.8";"2016.04.25 16:45:00";"2016.04.27 17:19:00";"30.0";"-2841.24";"4385.79980";"4550.79980";"-8061.07";"0.00";"IST";"SL";"2d 0h 34m";"-366.24"
"136";"USTEC_ICM_UTC2";"Buy";"4403.4";"4320.9";"2016.04.27 19:45:00";"2016.04.29 18:02:00";"30.0";"-2841.24";"4320.89990";"4485.89990";"-10902.31";"0.00";"IST";"SL";"1d 22h 17m";"-366.24"
"137";"USTEC_ICM_UTC2";"Buy";"4317.9";"4340.2";"2016.04.29 21:15:00";"2016.04.29 22:55:00";"30.0";"669.00";"4235.39990";"4400.39990";"-10233.31";"0.00";"IST";"End Of Friday (Time)";"1h 40m";"-0.00"
"138";"USTEC_ICM_UTC2";"Buy";"4338.1";"4325.8";"2016.05.02 17:00:00";"2016.05.06 22:55:00";"30.0";"-1101.48";"4255.60010";"4420.60010";"-11334.79";"0.00";"IST";"End Of Friday (Time)";"4d 5h 55m";"-732.48"
"139";"USTEC_ICM_UTC2";"Buy";"4344.5";"4325.4";"2016.05.09 18:00:00";"2016.05.13 22:55:00";"30.0";"-1305.48";"4262.00000";"4427.00000";"-12640.27";"0.00";"IST";"End Of Friday (Time)";"4d 4h 55m";"-732.48"
"140";"USTEC_ICM_UTC2";"Buy";"4358.9";"4361.8";"2016.05.16 18:00:00";"2016.05.20 22:55:00";"30.0";"-645.48";"4276.39990";"4441.39990";"-13285.75";"0.00";"IST";"End Of Friday (Time)";"4d 4h 55m";"-732.48"
"141";"USTEC_ICM_UTC2";"Buy";"4371.9";"4455.7";"2016.05.23 18:00:00";"2016.05.25 09:00:00";"30.0";"2146.44";"4289.39990";"4454.39990";"-11139.31";"0.00";"IST";"PT";"1d 15h 0m";"-366.24"
"142";"USTEC_ICM_UTC2";"Buy";"4460.9";"4509.4";"2016.05.25 16:30:00";"2016.05.27 22:55:00";"30.0";"1088.76";"4378.39990";"4543.39990";"-10050.55";"0.00";"IST";"End Of Friday (Time)";"2d 6h 25m";"-366.24"
"143";"USTEC_ICM_UTC2";"Buy";"4522.9";"4512.5";"2016.05.30 19:15:00";"2016.06.03 22:55:00";"30.0";"-1044.48";"4440.39990";"4605.39990";"-11095.03";"0.00";"IST";"End Of Friday (Time)";"4d 3h 40m";"-732.48"
"144";"USTEC_ICM_UTC2";"Buy";"4526.6";"4458.3";"2016.06.06 18:00:00";"2016.06.10 22:55:00";"30.0";"-2781.48";"4444.10010";"4609.10010";"-13876.51";"0.00";"IST";"End Of Friday (Time)";"4d 4h 55m";"-732.48"
"145";"USTEC_ICM_UTC2";"Buy";"4450.7";"4368.2";"2016.06.13 18:15:00";"2016.06.16 17:22:00";"30.0";"-3024.36";"4368.20020";"4533.20020";"-16900.87";"0.00";"IST";"SL";"2d 23h 7m";"-549.36"
"146";"USTEC_ICM_UTC2";"Buy";"4374.5";"4371.9";"2016.06.16 19:15:00";"2016.06.17 22:55:00";"30.0";"-261.12";"4292.00000";"4457.00000";"-17161.99";"0.00";"IST";"End Of Friday (Time)";"1d 3h 40m";"-183.12"
"147";"USTEC_ICM_UTC2";"Buy";"4433.2";"4254.8";"2016.06.20 17:00:00";"2016.06.24 09:00:00";"30.0";"-6085.35";"4350.70020";"4515.70020";"-23247.34";"0.00";"IST";"SL";"3d 16h 0m";"-732.48"
"148";"USTEC_ICM_UTC2";"Buy";"4304.8";"4307.6";"2016.06.24 16:30:00";"2016.06.24 22:55:00";"30.0";"84.00";"4222.29980";"4387.29980";"-23163.34";"0.00";"IST";"End Of Friday (Time)";"6h 25m";"-0.00"
"149";"USTEC_ICM_UTC2";"Buy";"4214.5";"4297.8";"2016.06.27 17:15:00";"2016.06.29 09:00:00";"30.0";"2133.21";"4132.00000";"4297.00000";"-21030.13";"0.00";"IST";"PT";"1d 15h 45m";"-366.24"
"150";"USTEC_ICM_UTC2";"Buy";"4335.5";"4418.0";"2016.06.29 17:45:00";"2016.06.30 22:59:00";"30.0";"2291.88";"4253.00000";"4418.00000";"-18738.25";"0.00";"IST";"PT";"1d 5h 14m";"-183.12"
"151";"USTEC_ICM_UTC2";"Buy";"4453.1";"4439.8";"2016.07.01 18:00:00";"2016.07.01 22:55:00";"30.0";"-399.00";"4370.60010";"4535.60010";"-19137.25";"0.00";"IST";"End Of Friday (Time)";"4h 55m";"-0.00"
"152";"USTEC_ICM_UTC2";"Buy";"4442.8";"4525.3";"2016.07.04 18:30:00";"2016.07.08 21:28:00";"30.0";"1742.52";"4360.29980";"4525.29980";"-17394.73";"0.00";"IST";"PT";"4d 2h 58m";"-732.48"
"153";"USTEC_ICM_UTC2";"Buy";"4526.9";"4527.2";"2016.07.08 21:45:00";"2016.07.08 22:55:00";"30.0";"9.00";"4444.39990";"4609.39990";"-17385.73";"0.00";"IST";"End Of Friday (Time)";"1h 10m";"-0.00"
"154";"USTEC_ICM_UTC2";"Buy";"4543.2";"4587.5";"2016.07.11 16:30:00";"2016.07.15 22:55:00";"30.0";"596.52";"4460.70020";"4625.70020";"-16789.21";"0.00";"IST";"End Of Friday (Time)";"4d 6h 25m";"-732.48"
"155";"USTEC_ICM_UTC2";"Buy";"4620.6";"4663.1";"2016.07.18 18:00:00";"2016.07.22 22:55:00";"30.0";"542.52";"4538.10010";"4703.10010";"-16246.69";"0.00";"IST";"End Of Friday (Time)";"4d 4h 55m";"-732.48"
"156";"USTEC_ICM_UTC2";"Buy";"4659.7";"4742.2";"2016.07.25 20:45:00";"2016.07.29 19:05:00";"30.0";"1742.52";"4577.20020";"4742.20020";"-14504.17";"0.00";"IST";"PT";"3d 22h 20m";"-732.48"
"157";"USTEC_ICM_UTC2";"Buy";"4736.3";"4735.0";"2016.07.29 19:30:00";"2016.07.29 22:55:00";"30.0";"-39.00";"4653.79980";"4818.79980";"-14543.17";"0.00";"IST";"End Of Friday (Time)";"3h 25m";"-0.00"
"158";"USTEC_ICM_UTC2";"Buy";"4765.0";"4789.5";"2016.08.01 18:15:00";"2016.08.05 22:55:00";"30.0";"2.52";"4682.50000";"4847.50000";"-14540.65";"0.00";"IST";"End Of Friday (Time)";"4d 4h 40m";"-732.48"
"159";"USTEC_ICM_UTC2";"Buy";"4776.4";"4804.8";"2016.08.08 19:45:00";"2016.08.12 22:55:00";"30.0";"119.52";"4693.89990";"4858.89990";"-14421.13";"0.00";"IST";"End Of Friday (Time)";"4d 3h 10m";"-732.48"
"160";"USTEC_ICM_UTC2";"Buy";"4812.8";"4805.5";"2016.08.15 16:30:00";"2016.08.19 22:55:00";"30.0";"-951.48";"4730.29980";"4895.29980";"-15372.61";"0.00";"IST";"End Of Friday (Time)";"4d 6h 25m";"-732.48"
"161";"USTEC_ICM_UTC2";"Buy";"4811.9";"4780.7";"2016.08.22 18:15:00";"2016.08.26 22:55:00";"30.0";"-1668.48";"4729.39990";"4894.39990";"-17041.09";"0.00";"IST";"End Of Friday (Time)";"4d 4h 40m";"-732.48"
"162";"USTEC_ICM_UTC2";"Buy";"4798.4";"4796.7";"2016.08.29 16:45:00";"2016.09.02 22:55:00";"30.0";"-783.48";"4715.89990";"4880.89990";"-17824.57";"0.00";"IST";"End Of Friday (Time)";"4d 6h 10m";"-732.48"
"163";"USTEC_ICM_UTC2";"Buy";"4790.9";"4708.4";"2016.09.05 16:45:00";"2016.09.09 20:42:00";"30.0";"-3207.48";"4708.39990";"4873.39990";"-21032.05";"0.00";"IST";"SL";"4d 3h 57m";"-732.48"
"164";"USTEC_ICM_UTC2";"Buy";"4656.9";"4739.4";"2016.09.12 16:30:00";"2016.09.12 19:54:00";"30.0";"2475.00";"4574.39990";"4739.39990";"-18557.05";"0.00";"IST";"PT";"3h 24m";"-0.00"
"165";"USTEC_ICM_UTC2";"Buy";"4726.7";"4809.2";"2016.09.13 17:30:00";"2016.09.15 20:41:00";"30.0";"2108.76";"4644.20020";"4809.20020";"-16448.29";"0.00";"IST";"PT";"2d 3h 11m";"-366.24"
"166";"USTEC_ICM_UTC2";"Buy";"4822.2";"4817.8";"2016.09.15 21:45:00";"2016.09.16 22:55:00";"30.0";"-315.12";"4739.70020";"4904.70020";"-16763.41";"0.00";"IST";"End Of Friday (Time)";"1d 1h 10m";"-183.12"
"167";"USTEC_ICM_UTC2";"Buy";"4809.1";"4891.6";"2016.09.19 19:45:00";"2016.09.22 20:05:00";"30.0";"1925.64";"4726.60010";"4891.60010";"-14837.77";"0.00";"IST";"PT";"3d 0h 20m";"-549.36"
"168";"USTEC_ICM_UTC2";"Buy";"4892.5";"4864.7";"2016.09.22 21:00:00";"2016.09.23 22:55:00";"30.0";"-1017.12";"4810.00000";"4975.00000";"-15854.89";"0.00";"IST";"End Of Friday (Time)";"1d 1h 55m";"-183.12"
"169";"USTEC_ICM_UTC2";"Buy";"4834.3";"4885.2";"2016.09.26 17:15:00";"2016.09.30 22:55:00";"30.0";"794.52";"4751.79980";"4916.79980";"-15060.37";"0.00";"IST";"End Of Friday (Time)";"4d 5h 40m";"-732.48"
"170";"USTEC_ICM_UTC2";"Buy";"4861.8";"4867.2";"2016.10.03 17:15:00";"2016.10.07 22:55:00";"30.0";"-570.48";"4779.29980";"4944.29980";"-15630.85";"0.00";"IST";"End Of Friday (Time)";"4d 5h 40m";"-732.48"
"171";"USTEC_ICM_UTC2";"Buy";"4888.6";"4806.1";"2016.10.10 16:30:00";"2016.10.11 21:17:00";"30.0";"-2658.12";"4806.10010";"4971.10010";"-18288.97";"0.00";"IST";"SL";"1d 4h 47m";"-183.12"
"172";"USTEC_ICM_UTC2";"Buy";"4820.3";"4811.0";"2016.10.12 17:15:00";"2016.10.14 22:55:00";"30.0";"-645.24";"4737.79980";"4902.79980";"-18934.21";"0.00";"IST";"End Of Friday (Time)";"2d 5h 40m";"-366.24"
"173";"USTEC_ICM_UTC2";"Buy";"4806.8";"4851.5";"2016.10.17 18:15:00";"2016.10.21 22:55:00";"30.0";"608.52";"4724.29980";"4889.29980";"-18325.69";"0.00";"IST";"End Of Friday (Time)";"4d 4h 40m";"-732.48"
"174";"USTEC_ICM_UTC2";"Buy";"4883.7";"4801.2";"2016.10.24 16:45:00";"2016.10.28 10:06:00";"30.0";"-3207.48";"4801.20020";"4966.20020";"-21533.17";"0.00";"IST";"SL";"3d 17h 21m";"-732.48"
"175";"USTEC_ICM_UTC2";"Buy";"4832.9";"4802.8";"2016.10.28 17:00:00";"2016.10.28 22:55:00";"30.0";"-903.00";"4750.39990";"4915.39990";"-22436.17";"0.00";"IST";"End Of Friday (Time)";"5h 55m";"-0.00"
"176";"USTEC_ICM_UTC2";"Buy";"4819.3";"4736.8";"2016.10.31 18:45:00";"2016.11.01 20:09:00";"30.0";"-2658.12";"4736.79980";"4901.79980";"-25094.29";"0.00";"IST";"SL";"1d 1h 24m";"-183.12"
"177";"USTEC_ICM_UTC2";"Buy";"4751.6";"4669.1";"2016.11.02 17:00:00";"2016.11.04 15:28:00";"30.0";"-2841.24";"4669.10010";"4834.10010";"-27935.53";"0.00";"IST";"SL";"1d 22h 28m";"-366.24"
"178";"USTEC_ICM_UTC2";"Buy";"4693.3";"4775.8";"2016.11.04 17:30:00";"2016.11.07 19:02:00";"30.0";"1925.64";"4610.79980";"4775.79980";"-26009.89";"0.00";"IST";"PT";"3d 1h 32m";"-549.36"
"179";"USTEC_ICM_UTC2";"Buy";"4773.1";"4594.8";"2016.11.07 19:15:00";"2016.11.09 09:00:00";"30.0";"-5715.21";"4690.60010";"4855.60010";"-31725.10";"0.00";"IST";"SL";"1d 13h 45m";"-366.24"
"180";"USTEC_ICM_UTC2";"Buy";"4760.3";"4854.5";"2016.11.09 17:45:00";"2016.11.10 09:00:00";"30.0";"2642.04";"4677.79980";"4842.79980";"-29083.06";"0.00";"IST";"PT";"15h 15m";"-183.12"
"181";"USTEC_ICM_UTC2";"Buy";"4720.6";"4754.0";"2016.11.10 19:30:00";"2016.11.11 22:55:00";"30.0";"818.88";"4638.10010";"4803.10010";"-28264.18";"0.00";"IST";"End Of Friday (Time)";"1d 3h 25m";"-183.12"
"182";"USTEC_ICM_UTC2";"Buy";"4733.5";"4816.0";"2016.11.14 16:45:00";"2016.11.17 18:53:00";"30.0";"1925.64";"4651.00000";"4816.00000";"-26338.54";"0.00";"IST";"PT";"3d 2h 8m";"-549.36"
"183";"USTEC_ICM_UTC2";"Buy";"4824.9";"4809.5";"2016.11.17 19:45:00";"2016.11.18 22:55:00";"30.0";"-645.12";"4742.39990";"4907.39990";"-26983.66";"0.00";"IST";"End Of Friday (Time)";"1d 3h 10m";"-183.12"
"184";"USTEC_ICM_UTC2";"Buy";"4820.4";"4737.9";"2016.11.21 16:30:00";"2016.12.01 17:52:00";"30.0";"-4306.20";"4737.89990";"4902.89990";"-31289.86";"0.00";"IST";"SL";"10d 1h 22m";"-1831.20"
"185";"USTEC_ICM_UTC2";"Buy";"4733.5";"4736.6";"2016.12.01 21:30:00";"2016.12.02 22:55:00";"30.0";"-90.12";"4651.00000";"4816.00000";"-31379.98";"0.00";"IST";"End Of Friday (Time)";"1d 1h 25m";"-183.12"
"186";"USTEC_ICM_UTC2";"Buy";"4790.8";"4873.3";"2016.12.05 18:00:00";"2016.12.09 15:34:00";"30.0";"1742.52";"4708.29980";"4873.29980";"-29637.46";"0.00";"IST";"PT";"3d 21h 34m";"-732.48"
"187";"USTEC_ICM_UTC2";"Buy";"4885.5";"4891.8";"2016.12.09 16:45:00";"2016.12.09 22:55:00";"30.0";"189.00";"4803.00000";"4968.00000";"-29448.46";"0.00";"IST";"End Of Friday (Time)";"6h 10m";"-0.00"
"188";"USTEC_ICM_UTC2";"Buy";"4869.7";"4952.2";"2016.12.12 18:00:00";"2016.12.13 18:26:00";"30.0";"2291.88";"4787.20020";"4952.20020";"-27156.58";"0.00";"IST";"PT";"1d 0h 26m";"-183.12"
"189";"USTEC_ICM_UTC2";"Buy";"4953.0";"4915.4";"2016.12.13 18:30:00";"2016.12.16 22:55:00";"30.0";"-1677.36";"4870.50000";"5035.50000";"-28833.94";"0.00";"IST";"End Of Friday (Time)";"3d 4h 25m";"-549.36"
"190";"USTEC_ICM_UTC2";"Buy";"4927.1";"4937.4";"2016.12.19 16:45:00";"2016.12.23 22:55:00";"30.0";"-423.48";"4844.60010";"5009.60010";"-29257.42";"0.00";"IST";"End Of Friday (Time)";"4d 6h 10m";"-732.48"
"191";"USTEC_ICM_UTC2";"Buy";"4964.5";"4882.0";"2016.12.27 16:45:00";"2016.12.30 16:57:00";"30.0";"-3024.36";"4882.00000";"5047.00000";"-32281.78";"0.00";"IST";"SL";"3d 0h 12m";"-549.36"
"192";"USTEC_ICM_UTC2";"Buy";"4874.4";"4853.4";"2016.12.30 19:30:00";"2016.12.30 22:55:00";"30.0";"-630.00";"4791.89990";"4956.89990";"-32911.78";"0.00";"IST";"End Of Friday (Time)";"3h 25m";"-0.00"
"193";"USTEC_ICM_UTC2";"Buy";"4896.6";"4979.1";"2017.01.03 18:00:00";"2017.01.06 16:59:00";"30.0";"1925.64";"4814.10010";"4979.10010";"-30986.14";"0.00";"IST";"PT";"2d 22h 59m";"-549.36"
"194";"USTEC_ICM_UTC2";"Buy";"4982.3";"5012.3";"2017.01.06 17:00:00";"2017.01.06 22:55:00";"30.0";"900.00";"4899.79980";"5064.79980";"-30086.14";"0.00";"IST";"End Of Friday (Time)";"5h 55m";"-0.00"
"195";"USTEC_ICM_UTC2";"Buy";"5019.5";"5057.8";"2017.01.09 17:45:00";"2017.01.13 22:55:00";"30.0";"416.52";"4937.00000";"5102.00000";"-29669.62";"0.00";"IST";"End Of Friday (Time)";"4d 5h 10m";"-732.48"
"196";"USTEC_ICM_UTC2";"Buy";"5056.8";"5057.9";"2017.01.16 19:00:00";"2017.01.20 22:55:00";"30.0";"-699.48";"4974.29980";"5139.29980";"-30369.10";"0.00";"IST";"End Of Friday (Time)";"4d 3h 55m";"-732.48"
"197";"USTEC_ICM_UTC2";"Buy";"5060.5";"5143.0";"2017.01.23 17:00:00";"2017.01.25 18:04:00";"30.0";"2108.76";"4978.00000";"5143.00000";"-28260.34";"0.00";"IST";"PT";"2d 1h 4m";"-366.24"
"198";"USTEC_ICM_UTC2";"Buy";"5137.7";"5163.8";"2017.01.25 19:00:00";"2017.01.27 22:55:00";"30.0";"416.76";"5055.20020";"5220.20020";"-27843.58";"0.00";"IST";"End Of Friday (Time)";"2d 3h 55m";"-366.24"
"199";"USTEC_ICM_UTC2";"Buy";"5116.8";"5160.6";"2017.01.30 17:00:00";"2017.02.03 22:55:00";"30.0";"581.52";"5034.29980";"5199.29980";"-27262.06";"0.00";"IST";"End Of Friday (Time)";"4d 5h 55m";"-732.48"
"200";"USTEC_ICM_UTC2";"Buy";"5155.7";"5226.6";"2017.02.06 17:00:00";"2017.02.10 22:55:00";"30.0";"1394.52";"5073.20020";"5238.20020";"-25867.54";"0.00";"IST";"End Of Friday (Time)";"4d 5h 55m";"-732.48"
"201";"USTEC_ICM_UTC2";"Buy";"5250.9";"5318.6";"2017.02.13 18:00:00";"2017.02.17 22:55:00";"30.0";"1298.52";"5168.39990";"5333.39990";"-24569.02";"0.00";"IST";"End Of Friday (Time)";"4d 4h 55m";"-732.48"
"202";"USTEC_ICM_UTC2";"Buy";"5332.4";"5339.0";"2017.02.20 17:15:00";"2017.02.24 22:55:00";"30.0";"-534.48";"5249.89990";"5414.89990";"-25103.50";"0.00";"IST";"End Of Friday (Time)";"4d 5h 40m";"-732.48"
"203";"USTEC_ICM_UTC2";"Buy";"5334.6";"5371.3";"2017.02.27 17:00:00";"2017.03.03 22:55:00";"30.0";"368.52";"5252.10010";"5417.10010";"-24734.98";"0.00";"IST";"End Of Friday (Time)";"4d 5h 55m";"-732.48"
"204";"USTEC_ICM_UTC2";"Buy";"5361.1";"5384.3";"2017.03.06 21:00:00";"2017.03.10 22:55:00";"30.0";"-36.48";"5278.60010";"5443.60010";"-24771.46";"0.00";"IST";"End Of Friday (Time)";"4d 1h 55m";"-732.48"
"205";"USTEC_ICM_UTC2";"Buy";"5386.1";"5442.1";"2017.03.13 16:30:00";"2017.03.31 22:55:00";"30.0";"-1616.16";"5303.60010";"5468.60010";"-26387.62";"0.00";"IST";"End Of Friday (Time)";"18d 6h 25m";"-3296.16"
"206";"USTEC_ICM_UTC2";"Buy";"5419.1";"5420.4";"2017.04.03 19:30:00";"2017.04.07 22:55:00";"30.0";"-693.48";"5336.60010";"5501.60010";"-27081.10";"0.00";"IST";"End Of Friday (Time)";"4d 3h 25m";"-732.48"
"207";"USTEC_ICM_UTC2";"Buy";"5430.7";"5441.6";"2017.04.10 18:30:00";"2017.04.21 22:55:00";"30.0";"-1687.32";"5348.20020";"5513.20020";"-28768.42";"0.00";"IST";"End Of Friday (Time)";"11d 4h 25m";"-2014.32"
"208";"USTEC_ICM_UTC2";"Buy";"5502.8";"5589.0";"2017.04.24 16:30:00";"2017.04.28 09:00:00";"30.0";"1852.59";"5420.29980";"5585.29980";"-26915.83";"0.00";"IST";"PT";"3d 16h 30m";"-732.48"
"209";"USTEC_ICM_UTC2";"Buy";"5576.1";"5583.6";"2017.04.28 18:45:00";"2017.04.28 22:55:00";"30.0";"225.00";"5493.60010";"5658.60010";"-26690.83";"0.00";"IST";"End Of Friday (Time)";"4h 10m";"-0.00"
"210";"USTEC_ICM_UTC2";"Buy";"5609.6";"5642.8";"2017.05.01 17:00:00";"2017.05.05 22:55:00";"30.0";"263.52";"5527.10010";"5692.10010";"-26427.31";"0.00";"IST";"End Of Friday (Time)";"4d 5h 55m";"-732.48"
"211";"USTEC_ICM_UTC2";"Buy";"5651.4";"5682.1";"2017.05.08 19:45:00";"2017.05.12 22:55:00";"30.0";"188.52";"5568.89990";"5733.89990";"-26238.79";"0.00";"IST";"End Of Friday (Time)";"4d 3h 10m";"-732.48"
"212";"USTEC_ICM_UTC2";"Buy";"5699.6";"5617.1";"2017.05.15 17:00:00";"2017.05.17 21:16:00";"30.0";"-2841.24";"5617.10010";"5782.10010";"-29080.03";"0.00";"IST";"SL";"2d 4h 16m";"-366.24"
"213";"USTEC_ICM_UTC2";"Buy";"5622.6";"5650.2";"2017.05.18 18:00:00";"2017.05.19 22:55:00";"30.0";"644.88";"5540.10010";"5705.10010";"-28435.15";"0.00";"IST";"End Of Friday (Time)";"1d 4h 55m";"-183.12"
"214";"USTEC_ICM_UTC2";"Buy";"5680.2";"5762.7";"2017.05.22 17:00:00";"2017.05.25 17:14:00";"30.0";"1925.64";"5597.70020";"5762.70020";"-26509.51";"0.00";"IST";"PT";"3d 0h 14m";"-549.36"
"215";"USTEC_ICM_UTC2";"Buy";"5767.1";"5786.3";"2017.05.25 18:00:00";"2017.05.26 22:55:00";"30.0";"392.88";"5684.60010";"5849.60010";"-26116.63";"0.00";"IST";"End Of Friday (Time)";"1d 4h 55m";"-183.12"
"216";"USTEC_ICM_UTC2";"Buy";"5796.3";"5878.8";"2017.05.29 16:45:00";"2017.06.02 22:35:00";"30.0";"1742.52";"5713.79980";"5878.79980";"-24374.11";"0.00";"IST";"PT";"4d 5h 50m";"-732.48"
"217";"USTEC_ICM_UTC2";"Buy";"5880.1";"5797.6";"2017.06.05 16:30:00";"2017.06.09 20:12:00";"30.0";"-3207.48";"5797.60010";"5962.60010";"-27581.59";"0.00";"IST";"SL";"4d 3h 42m";"-732.48"
"218";"USTEC_ICM_UTC2";"Buy";"5689.7";"5772.2";"2017.06.12 16:30:00";"2017.06.14 15:43:00";"30.0";"2108.76";"5607.20020";"5772.20020";"-25472.83";"0.00";"IST";"PT";"1d 23h 13m";"-366.24"
"219";"USTEC_ICM_UTC2";"Buy";"5755.4";"5672.9";"2017.06.14 17:15:00";"2017.06.15 10:26:00";"30.0";"-2658.12";"5672.89990";"5837.89990";"-28130.95";"0.00";"IST";"SL";"17h 11m";"-183.12"
"220";"USTEC_ICM_UTC2";"Buy";"5659.6";"5678.8";"2017.06.15 17:00:00";"2017.06.16 22:55:00";"30.0";"392.88";"5577.10010";"5742.10010";"-27738.07";"0.00";"IST";"End Of Friday (Time)";"1d 5h 55m";"-183.12"
"221";"USTEC_ICM_UTC2";"Buy";"5743.4";"5802.2";"2017.06.19 17:00:00";"2017.06.23 22:55:00";"30.0";"1031.52";"5660.89990";"5825.89990";"-26706.55";"0.00";"IST";"End Of Friday (Time)";"4d 5h 55m";"-732.48"
"222";"USTEC_ICM_UTC2";"Buy";"5793.0";"5710.5";"2017.06.26 20:45:00";"2017.06.27 20:10:00";"30.0";"-2658.12";"5710.50000";"5875.50000";"-29364.67";"0.00";"IST";"SL";"23h 25m";"-183.12"
"223";"USTEC_ICM_UTC2";"Buy";"5686.7";"5604.2";"2017.06.27 22:45:00";"2017.06.29 20:27:00";"30.0";"-2841.24";"5604.20020";"5769.20020";"-32205.91";"0.00";"IST";"SL";"1d 21h 42m";"-366.24"
"224";"USTEC_ICM_UTC2";"Buy";"5647.5";"5660.1";"2017.06.29 22:30:00";"2017.06.30 22:55:00";"30.0";"194.88";"5565.00000";"5730.00000";"-32011.03";"0.00";"IST";"End Of Friday (Time)";"1d 0h 25m";"-183.12"
"225";"USTEC_ICM_UTC2";"Buy";"5664.3";"5569.7";"2017.07.03 16:45:00";"2017.07.04 09:00:00";"30.0";"-3022.02";"5581.79980";"5746.79980";"-35033.05";"0.00";"IST";"SL";"16h 15m";"-183.12"
"226";"USTEC_ICM_UTC2";"Buy";"5608.6";"5658.4";"2017.07.05 16:30:00";"2017.07.07 22:55:00";"30.0";"1127.76";"5526.10010";"5691.10010";"-33905.29";"0.00";"IST";"End Of Friday (Time)";"2d 6h 25m";"-366.24"
"227";"USTEC_ICM_UTC2";"Buy";"5683.8";"5766.3";"2017.07.10 18:45:00";"2017.07.12 17:27:00";"30.0";"2108.76";"5601.29980";"5766.29980";"-31796.53";"0.00";"IST";"PT";"1d 22h 42m";"-366.24"
"228";"USTEC_ICM_UTC2";"Buy";"5760.5";"5843.0";"2017.07.12 18:15:00";"2017.07.14 22:37:00";"30.0";"2108.76";"5678.00000";"5843.00000";"-29687.77";"0.00";"IST";"PT";"2d 4h 22m";"-366.24"
"229";"USTEC_ICM_UTC2";"Buy";"5839.8";"5922.3";"2017.07.17 18:00:00";"2017.07.20 14:56:00";"30.0";"1925.64";"5757.29980";"5922.29980";"-27762.13";"0.00";"IST";"PT";"2d 20h 56m";"-549.36"
"230";"USTEC_ICM_UTC2";"Buy";"5914.0";"5915.5";"2017.07.20 17:15:00";"2017.07.21 22:55:00";"30.0";"-138.12";"5831.50000";"5996.50000";"-27900.25";"0.00";"IST";"End Of Friday (Time)";"1d 5h 40m";"-183.12"
"231";"USTEC_ICM_UTC2";"Buy";"5917.0";"5908.5";"2017.07.24 16:30:00";"2017.07.28 22:55:00";"30.0";"-987.48";"5834.50000";"5999.50000";"-28887.73";"0.00";"IST";"End Of Friday (Time)";"4d 6h 25m";"-732.48"
"232";"USTEC_ICM_UTC2";"Buy";"5889.9";"5893.5";"2017.07.31 19:45:00";"2017.08.04 22:55:00";"30.0";"-624.48";"5807.39990";"5972.39990";"-29512.21";"0.00";"IST";"End Of Friday (Time)";"4d 3h 10m";"-732.48"
"233";"USTEC_ICM_UTC2";"Buy";"5918.4";"5835.9";"2017.08.07 18:00:00";"2017.08.10 17:07:00";"30.0";"-3024.36";"5835.89990";"6000.89990";"-32536.57";"0.00";"IST";"SL";"2d 23h 7m";"-549.36"
"234";"USTEC_ICM_UTC2";"Buy";"5794.6";"5830.1";"2017.08.11 16:45:00";"2017.08.11 22:55:00";"30.0";"1065.00";"5712.10010";"5877.10010";"-31471.57";"0.00";"IST";"End Of Friday (Time)";"6h 10m";"-0.00"
"235";"USTEC_ICM_UTC2";"Buy";"5894.4";"5811.9";"2017.08.14 17:30:00";"2017.08.17 22:01:00";"30.0";"-3024.36";"5811.89990";"5976.89990";"-34495.93";"0.00";"IST";"SL";"3d 4h 31m";"-549.36"
"236";"USTEC_ICM_UTC2";"Buy";"5796.5";"5793.9";"2017.08.18 16:30:00";"2017.08.18 22:55:00";"30.0";"-78.00";"5714.00000";"5879.00000";"-34573.93";"0.00";"IST";"End Of Friday (Time)";"6h 25m";"-0.00"
"237";"USTEC_ICM_UTC2";"Buy";"5796.6";"5826.6";"2017.08.21 16:45:00";"2017.08.25 22:55:00";"30.0";"167.52";"5714.10010";"5879.10010";"-34406.41";"0.00";"IST";"End Of Friday (Time)";"4d 6h 10m";"-732.48"
"238";"USTEC_ICM_UTC2";"Buy";"5841.0";"5923.5";"2017.08.28 16:30:00";"2017.08.30 20:26:00";"30.0";"2108.76";"5758.50000";"5923.50000";"-32297.65";"0.00";"IST";"PT";"2d 3h 56m";"-366.24"
"239";"USTEC_ICM_UTC2";"Buy";"5936.1";"5990.4";"2017.08.30 21:00:00";"2017.09.01 22:55:00";"30.0";"1262.76";"5853.60010";"6018.60010";"-31034.89";"0.00";"IST";"End Of Friday (Time)";"2d 1h 55m";"-366.24"
"240";"USTEC_ICM_UTC2";"Buy";"5971.2";"5888.7";"2017.09.04 18:30:00";"2017.09.05 20:04:00";"30.0";"-2658.12";"5888.70020";"6053.70020";"-33693.01";"0.00";"IST";"SL";"1d 1h 34m";"-183.12"
"241";"USTEC_ICM_UTC2";"Buy";"5951.2";"5910.5";"2017.09.06 20:15:00";"2017.09.08 22:55:00";"30.0";"-1587.24";"5868.70020";"6033.70020";"-35280.25";"0.00";"IST";"End Of Friday (Time)";"2d 2h 40m";"-366.24"
"242";"USTEC_ICM_UTC2";"Buy";"5982.5";"5987.0";"2017.09.11 17:00:00";"2017.09.15 22:55:00";"30.0";"-597.48";"5900.00000";"6065.00000";"-35877.73";"0.00";"IST";"End Of Friday (Time)";"4d 5h 55m";"-732.48"
"243";"USTEC_ICM_UTC2";"Buy";"6000.8";"5918.3";"2017.09.18 18:00:00";"2017.09.21 17:23:00";"30.0";"-3024.36";"5918.29980";"6083.29980";"-38902.09";"0.00";"IST";"SL";"2d 23h 23m";"-549.36"
"244";"USTEC_ICM_UTC2";"Buy";"5957.4";"5934.2";"2017.09.21 20:15:00";"2017.09.22 22:55:00";"30.0";"-879.12";"5874.89990";"6039.89990";"-39781.21";"0.00";"IST";"End Of Friday (Time)";"1d 2h 40m";"-183.12"
"245";"USTEC_ICM_UTC2";"Buy";"5859.1";"5941.6";"2017.09.25 21:00:00";"2017.09.27 21:15:00";"30.0";"2108.76";"5776.60010";"5941.60010";"-37672.45";"0.00";"IST";"PT";"2d 0h 15m";"-366.24"
"246";"USTEC_ICM_UTC2";"Buy";"5944.4";"5977.9";"2017.09.27 22:00:00";"2017.09.29 22:55:00";"30.0";"638.76";"5861.89990";"6026.89990";"-37033.69";"0.00";"IST";"End Of Friday (Time)";"2d 0h 55m";"-366.24"
"247";"USTEC_ICM_UTC2";"Buy";"6001.5";"6062.3";"2017.10.02 17:45:00";"2017.10.06 22:55:00";"30.0";"1091.52";"5919.00000";"6084.00000";"-35942.17";"0.00";"IST";"End Of Friday (Time)";"4d 5h 10m";"-732.48"
"248";"USTEC_ICM_UTC2";"Buy";"6068.5";"6091.6";"2017.10.09 18:15:00";"2017.10.13 22:55:00";"30.0";"-39.48";"5986.00000";"6151.00000";"-35981.65";"0.00";"IST";"End Of Friday (Time)";"4d 4h 40m";"-732.48"
"249";"USTEC_ICM_UTC2";"Buy";"6108.2";"6100.8";"2017.10.16 16:30:00";"2017.10.20 22:55:00";"30.0";"-954.48";"6025.70020";"6190.70020";"-36936.13";"0.00";"IST";"End Of Friday (Time)";"4d 6h 25m";"-732.48"
"250";"USTEC_ICM_UTC2";"Buy";"6111.8";"6029.3";"2017.10.23 16:45:00";"2017.10.25 18:13:00";"30.0";"-2841.24";"6029.29980";"6194.29980";"-39777.37";"0.00";"IST";"SL";"2d 1h 28m";"-366.24"
"251";"USTEC_ICM_UTC2";"Buy";"6046.0";"6128.5";"2017.10.25 21:00:00";"2017.10.27 15:26:00";"30.0";"2108.76";"5963.50000";"6128.50000";"-37668.61";"0.00";"IST";"PT";"1d 18h 26m";"-366.24"
"252";"USTEC_ICM_UTC2";"Buy";"6135.0";"6217.5";"2017.10.27 16:30:00";"2017.10.27 20:57:00";"30.0";"2475.00";"6052.50000";"6217.50000";"-35193.61";"0.00";"IST";"PT";"4h 27m";"-0.00"
"253";"USTEC_ICM_UTC2";"Buy";"6242.2";"6327.9";"2017.10.30 17:00:00";"2017.11.07 09:05:00";"30.0";"1105.11";"6159.70020";"6324.70020";"-34088.50";"0.00";"IST";"PT";"7d 16h 5m";"-1464.96"
"254";"USTEC_ICM_UTC2";"Buy";"6310.7";"6309.6";"2017.11.07 16:30:00";"2017.11.10 22:55:00";"30.0";"-582.36";"6228.20020";"6393.20020";"-34670.86";"0.00";"IST";"End Of Friday (Time)";"3d 6h 25m";"-549.36"
"255";"USTEC_ICM_UTC2";"Buy";"6312.5";"6230.0";"2017.11.13 18:00:00";"2017.11.15 16:39:00";"30.0";"-2841.24";"6230.00000";"6395.00000";"-37512.10";"0.00";"IST";"SL";"1d 22h 39m";"-366.24"
"256";"USTEC_ICM_UTC2";"Buy";"6272.8";"6315.6";"2017.11.15 18:45:00";"2017.11.17 22:55:00";"30.0";"917.76";"6190.29980";"6355.29980";"-36594.34";"0.00";"IST";"End Of Friday (Time)";"2d 4h 10m";"-366.24"
"257";"USTEC_ICM_UTC2";"Buy";"6319.6";"6402.1";"2017.11.20 16:30:00";"2017.11.24 18:00:00";"30.0";"1742.52";"6237.10010";"6402.10010";"-34851.82";"0.00";"IST";"PT";"4d 1h 30m";"-732.48"
"258";"USTEC_ICM_UTC2";"Buy";"6405.5";"6323.0";"2017.11.24 19:00:00";"2017.11.29 17:24:00";"30.0";"-3390.60";"6323.00000";"6488.00000";"-38242.42";"0.00";"IST";"SL";"4d 22h 24m";"-915.60"
"259";"USTEC_ICM_UTC2";"Buy";"6304.6";"6337.8";"2017.11.29 21:30:00";"2017.12.01 22:55:00";"30.0";"629.76";"6222.10010";"6387.10010";"-37612.66";"0.00";"IST";"End Of Friday (Time)";"2d 1h 25m";"-366.24"
"260";"USTEC_ICM_UTC2";"Buy";"6348.7";"6266.2";"2017.12.04 17:00:00";"2017.12.04 22:36:00";"30.0";"-2475.00";"6266.20020";"6431.20020";"-40087.66";"0.00";"IST";"SL";"5h 36m";"-0.00"
"261";"USTEC_ICM_UTC2";"Buy";"6317.1";"6234.6";"2017.12.05 18:00:00";"2017.12.06 10:11:00";"30.0";"-2658.12";"6234.60010";"6399.60010";"-42745.78";"0.00";"IST";"SL";"16h 11m";"-183.12"
"262";"USTEC_ICM_UTC2";"Buy";"6277.0";"6359.5";"2017.12.06 16:45:00";"2017.12.08 15:38:00";"30.0";"2108.76";"6194.50000";"6359.50000";"-40637.02";"0.00";"IST";"PT";"1d 22h 53m";"-366.24"
"263";"USTEC_ICM_UTC2";"Buy";"6369.6";"6339.2";"2017.12.08 16:45:00";"2017.12.08 22:55:00";"30.0";"-912.00";"6287.10010";"6452.10010";"-41549.02";"0.00";"IST";"End Of Friday (Time)";"6h 10m";"-0.00"
"264";"USTEC_ICM_UTC2";"Buy";"6361.4";"6443.9";"2017.12.11 17:00:00";"2017.12.15 18:55:00";"30.0";"1742.52";"6278.89990";"6443.89990";"-39806.50";"0.00";"IST";"PT";"4d 1h 55m";"-732.48"
"265";"USTEC_ICM_UTC2";"Buy";"6446.6";"6458.9";"2017.12.15 19:00:00";"2017.12.15 22:55:00";"30.0";"369.00";"6364.10010";"6529.10010";"-39437.50";"0.00";"IST";"End Of Friday (Time)";"3h 55m";"-0.00"
"266";"USTEC_ICM_UTC2";"Buy";"6507.3";"6467.4";"2017.12.18 18:15:00";"2017.12.22 22:55:00";"30.0";"-1929.48";"6424.79980";"6589.79980";"-41366.98";"0.00";"IST";"End Of Friday (Time)";"4d 4h 40m";"-732.48"
"267";"USTEC_ICM_UTC2";"Buy";"6423.6";"6399.3";"2017.12.26 16:45:00";"2017.12.29 22:55:00";"30.0";"-1278.36";"6341.10010";"6506.10010";"-42645.34";"0.00";"IST";"End Of Friday (Time)";"3d 6h 10m";"-549.36"
"268";"USTEC_ICM_UTC2";"Buy";"6432.9";"6515.4";"2018.01.02 16:30:00";"2018.01.03 09:05:00";"30.0";"2291.88";"6350.39990";"6515.39990";"-40353.46";"0.00";"IST";"PT";"16h 35m";"-183.12"
"269";"USTEC_ICM_UTC2";"Buy";"6554.9";"6637.4";"2018.01.03 17:30:00";"2018.01.05 18:17:00";"30.0";"2108.76";"6472.39990";"6637.39990";"-38244.70";"0.00";"IST";"PT";"2d 0h 47m";"-366.24"
"270";"USTEC_ICM_UTC2";"Buy";"6638.4";"6653.6";"2018.01.05 18:45:00";"2018.01.05 22:55:00";"30.0";"456.00";"6555.89990";"6720.89990";"-37788.70";"0.00";"IST";"End Of Friday (Time)";"4h 10m";"-0.00"
"271";"USTEC_ICM_UTC2";"Buy";"6664.7";"6747.2";"2018.01.08 17:45:00";"2018.01.12 17:51:00";"30.0";"1742.52";"6582.20020";"6747.20020";"-36046.18";"0.00";"IST";"PT";"4d 0h 6m";"-732.48"
"272";"USTEC_ICM_UTC2";"Buy";"6744.6";"6760.7";"2018.01.12 18:30:00";"2018.01.12 22:55:00";"30.0";"483.00";"6662.10010";"6827.10010";"-35563.18";"0.00";"IST";"End Of Friday (Time)";"4h 25m";"-0.00"
"273";"USTEC_ICM_UTC2";"Buy";"6774.2";"6831.0";"2018.01.15 17:15:00";"2018.01.19 22:55:00";"30.0";"971.52";"6691.70020";"6856.70020";"-34591.66";"0.00";"IST";"End Of Friday (Time)";"4d 5h 40m";"-732.48"
"274";"USTEC_ICM_UTC2";"Buy";"6830.5";"6937.0";"2018.01.22 16:30:00";"2018.01.23 09:05:00";"30.0";"3010.95";"6748.00000";"6913.00000";"-31580.71";"0.00";"IST";"PT";"16h 35m";"-183.12"
"275";"USTEC_ICM_UTC2";"Buy";"6929.0";"7011.5";"2018.01.23 16:30:00";"2018.01.26 22:50:00";"30.0";"1925.64";"6846.50000";"7011.50000";"-29655.07";"0.00";"IST";"PT";"3d 6h 20m";"-549.36"
"276";"USTEC_ICM_UTC2";"Buy";"7004.5";"6922.0";"2018.01.29 16:30:00";"2018.01.30 16:13:00";"30.0";"-2658.12";"6922.00000";"7087.00000";"-32313.19";"0.00";"IST";"SL";"23h 43m";"-183.12"
"277";"USTEC_ICM_UTC2";"Buy";"6913.6";"6831.1";"2018.01.30 22:00:00";"2018.02.02 16:51:00";"30.0";"-3024.36";"6831.10010";"6996.10010";"-35337.55";"0.00";"IST";"SL";"2d 18h 51m";"-549.36"
"278";"USTEC_ICM_UTC2";"Buy";"6836.0";"6747.7";"2018.02.02 18:30:00";"2018.02.05 09:05:00";"30.0";"-3199.29";"6753.50000";"6918.50000";"-38536.84";"0.00";"IST";"SL";"2d 14h 35m";"-549.36"
"279";"USTEC_ICM_UTC2";"Buy";"6700.0";"6782.5";"2018.02.05 16:30:00";"2018.02.05 17:19:00";"30.0";"2475.00";"6617.50000";"6782.50000";"-36061.84";"0.00";"IST";"PT";"49m 0s";"-0.00"
"280";"USTEC_ICM_UTC2";"Buy";"6544.1";"6461.6";"2018.02.06 17:00:00";"2018.02.06 17:24:00";"30.0";"-2475.00";"6461.60010";"6626.60010";"-38536.84";"0.00";"IST";"SL";"24m 0s";"-0.00"
"281";"USTEC_ICM_UTC2";"Buy";"6682.0";"6599.5";"2018.02.07 17:15:00";"2018.02.07 20:14:00";"30.0";"-2475.00";"6599.50000";"6764.50000";"-41011.84";"0.00";"IST";"SL";"2h 59m";"-0.00"
"282";"USTEC_ICM_UTC2";"Buy";"6596.2";"6513.7";"2018.02.08 16:30:00";"2018.02.08 17:50:00";"30.0";"-2475.00";"6513.70020";"6678.70020";"-43486.84";"0.00";"IST";"SL";"1h 20m";"-0.00"
"283";"USTEC_ICM_UTC2";"Buy";"6360.3";"6277.8";"2018.02.09 17:15:00";"2018.02.09 19:00:00";"30.0";"-2475.00";"6277.79980";"6442.79980";"-45961.84";"0.00";"IST";"SL";"1h 45m";"-0.00"
"284";"USTEC_ICM_UTC2";"Buy";"6525.1";"6607.6";"2018.02.12 19:00:00";"2018.02.14 17:23:00";"30.0";"2108.76";"6442.60010";"6607.60010";"-43853.08";"0.00";"IST";"PT";"1d 22h 23m";"-366.24"
"285";"USTEC_ICM_UTC2";"Buy";"6602.1";"6684.6";"2018.02.14 17:30:00";"2018.02.14 22:47:00";"30.0";"2475.00";"6519.60010";"6684.60010";"-41378.08";"0.00";"IST";"PT";"5h 17m";"-0.00"
"286";"USTEC_ICM_UTC2";"Buy";"6730.2";"6826.4";"2018.02.15 17:15:00";"2018.02.16 09:05:00";"30.0";"2701.68";"6647.70020";"6812.70020";"-38676.40";"0.00";"IST";"PT";"15h 50m";"-183.12"
"287";"USTEC_ICM_UTC2";"Buy";"6814.7";"6785.2";"2018.02.16 17:45:00";"2018.02.16 22:55:00";"30.0";"-885.00";"6732.20020";"6897.20020";"-39561.40";"0.00";"IST";"End Of Friday (Time)";"5h 10m";"-0.00"
"288";"USTEC_ICM_UTC2";"Buy";"6768.9";"6851.4";"2018.02.19 17:15:00";"2018.02.21 18:30:00";"30.0";"2108.76";"6686.39990";"6851.39990";"-37452.64";"0.00";"IST";"PT";"2d 1h 15m";"-366.24"
"289";"USTEC_ICM_UTC2";"Buy";"6848.3";"6765.8";"2018.02.21 18:45:00";"2018.02.21 22:58:00";"30.0";"-2475.00";"6765.79980";"6930.79980";"-39927.64";"0.00";"IST";"SL";"4h 13m";"-0.00"
"290";"USTEC_ICM_UTC2";"Buy";"6788.3";"6870.8";"2018.02.22 17:00:00";"2018.02.23 21:50:00";"30.0";"2291.88";"6705.79980";"6870.79980";"-37635.76";"0.00";"IST";"PT";"1d 4h 50m";"-183.12"
"291";"USTEC_ICM_UTC2";"Buy";"6890.7";"6888.3";"2018.02.23 22:45:00";"2018.02.23 22:55:00";"30.0";"-72.00";"6808.20020";"6973.20020";"-37707.76";"0.00";"IST";"End Of Friday (Time)";"10m 0s";"-0.00"
"292";"USTEC_ICM_UTC2";"Buy";"6954.3";"6871.8";"2018.02.26 16:45:00";"2018.02.28 22:50:00";"30.0";"-2841.24";"6871.79980";"7036.79980";"-40549.00";"0.00";"IST";"SL";"2d 6h 5m";"-366.24"
"293";"USTEC_ICM_UTC2";"Buy";"6815.6";"6733.1";"2018.03.01 16:45:00";"2018.03.01 20:48:00";"30.0";"-2475.00";"6733.10010";"6898.10010";"-43024.00";"0.00";"IST";"SL";"4h 3m";"-0.00"
"294";"USTEC_ICM_UTC2";"Buy";"6735.8";"6811.9";"2018.03.02 18:45:00";"2018.03.02 22:55:00";"30.0";"2283.00";"6653.29980";"6818.29980";"-40741.00";"0.00";"IST";"End Of Friday (Time)";"4h 10m";"-0.00"
"295";"USTEC_ICM_UTC2";"Buy";"6870.1";"6952.6";"2018.03.05 19:15:00";"2018.03.08 14:04:00";"30.0";"1925.64";"6787.60010";"6952.60010";"-38815.36";"0.00";"IST";"PT";"2d 18h 49m";"-549.36"
"296";"USTEC_ICM_UTC2";"Buy";"6953.9";"7036.4";"2018.03.08 17:00:00";"2018.03.09 17:15:00";"30.0";"2291.88";"6871.39990";"7036.39990";"-36523.48";"0.00";"IST";"PT";"1d 0h 15m";"-183.12"
"297";"USTEC_ICM_UTC2";"Buy";"7046.2";"7091.0";"2018.03.09 18:00:00";"2018.03.09 22:55:00";"30.0";"1344.00";"6963.70020";"7128.70020";"-35179.48";"0.00";"IST";"End Of Friday (Time)";"4h 55m";"-0.00"
"298";"USTEC_ICM_UTC2";"Buy";"7124.1";"7041.6";"2018.03.12 17:00:00";"2018.03.13 21:13:00";"30.0";"-2658.12";"7041.60010";"7206.60010";"-37837.60";"0.00";"IST";"SL";"1d 4h 13m";"-183.12"
"299";"USTEC_ICM_UTC2";"Buy";"7027.5";"6945.0";"2018.03.14 17:45:00";"2018.03.19 10:20:00";"30.0";"-3390.60";"6945.00000";"7110.00000";"-41228.20";"0.00";"IST";"SL";"4d 16h 35m";"-915.60"
"300";"USTEC_ICM_UTC2";"Buy";"6819.1";"6901.6";"2018.03.19 19:15:00";"2018.03.20 13:27:00";"30.0";"2291.88";"6736.60010";"6901.60010";"-38936.32";"0.00";"IST";"PT";"18h 12m";"-183.12"
"301";"USTEC_ICM_UTC2";"Buy";"6882.0";"6799.5";"2018.03.20 16:45:00";"2018.03.22 09:59:00";"30.0";"-2841.24";"6799.50000";"6964.50000";"-41777.56";"0.00";"IST";"SL";"1d 17h 14m";"-366.24"
"302";"USTEC_ICM_UTC2";"Buy";"6753.7";"6611.1";"2018.03.22 19:15:00";"2018.03.23 08:05:00";"30.0";"-4462.35";"6671.20020";"6836.20020";"-46239.91";"0.00";"IST";"SL";"12h 50m";"-183.12"
"303";"USTEC_ICM_UTC2";"Buy";"6635.6";"6553.1";"2018.03.23 17:45:00";"2018.03.23 21:09:00";"30.0";"-2475.00";"6553.10010";"6718.10010";"-48714.91";"0.00";"IST";"SL";"3h 24m";"-0.00"
"304";"USTEC_ICM_UTC2";"Buy";"6610.0";"6692.5";"2018.03.26 17:45:00";"2018.03.26 21:28:00";"30.0";"2475.00";"6527.50000";"6692.50000";"-46239.91";"0.00";"IST";"PT";"3h 43m";"-0.00"
"305";"USTEC_ICM_UTC2";"Buy";"6721.1";"6638.6";"2018.03.27 19:45:00";"2018.03.27 21:27:00";"30.0";"-2475.00";"6638.60010";"6803.60010";"-48714.91";"0.00";"IST";"SL";"1h 42m";"-0.00"
"306";"USTEC_ICM_UTC2";"Buy";"6459.3";"6541.8";"2018.03.28 18:00:00";"2018.03.28 19:18:00";"30.0";"2475.00";"6376.79980";"6541.79980";"-46239.91";"0.00";"IST";"PT";"1h 18m";"-0.00"
"307";"USTEC_ICM_UTC2";"Buy";"6494.8";"6577.3";"2018.03.29 16:30:00";"2018.03.29 20:44:00";"30.0";"2475.00";"6412.29980";"6577.29980";"-43764.91";"0.00";"IST";"PT";"4h 14m";"-0.00"
"308";"USTEC_ICM_UTC2";"Buy";"6363.2";"6445.7";"2018.04.02 20:30:00";"2018.04.03 15:19:00";"30.0";"2291.88";"6280.70020";"6445.70020";"-41473.03";"0.00";"IST";"PT";"18h 49m";"-183.12"
"309";"USTEC_ICM_UTC2";"Buy";"6450.3";"6367.8";"2018.04.03 16:30:00";"2018.04.03 17:10:00";"30.0";"-2475.00";"6367.79980";"6532.79980";"-43948.03";"0.00";"IST";"SL";"40m 0s";"-0.00"
"310";"USTEC_ICM_UTC2";"Buy";"6376.7";"6459.2";"2018.04.04 16:45:00";"2018.04.04 18:31:00";"30.0";"2475.00";"6294.20020";"6459.20020";"-41473.03";"0.00";"IST";"PT";"1h 46m";"-0.00"
"311";"USTEC_ICM_UTC2";"Buy";"6576.0";"6493.5";"2018.04.05 21:00:00";"2018.04.06 20:41:00";"30.0";"-2658.12";"6493.50000";"6658.50000";"-44131.15";"0.00";"IST";"SL";"23h 41m";"-183.12"
"312";"USTEC_ICM_UTC2";"Buy";"6485.7";"6568.2";"2018.04.09 16:30:00";"2018.04.09 18:33:00";"30.0";"2475.00";"6403.20020";"6568.20020";"-41656.15";"0.00";"IST";"PT";"2h 3m";"-0.00"
"313";"USTEC_ICM_UTC2";"Buy";"6545.6";"6628.1";"2018.04.10 17:00:00";"2018.04.10 22:10:00";"30.0";"2475.00";"6463.10010";"6628.10010";"-39181.15";"0.00";"IST";"PT";"5h 10m";"-0.00"
"314";"USTEC_ICM_UTC2";"Buy";"6624.1";"6632.4";"2018.04.11 17:30:00";"2018.04.13 22:55:00";"30.0";"-117.24";"6541.60010";"6706.60010";"-39298.39";"0.00";"IST";"End Of Friday (Time)";"2d 5h 25m";"-366.24"
"315";"USTEC_ICM_UTC2";"Buy";"6656.4";"6738.9";"2018.04.16 16:45:00";"2018.04.17 15:01:00";"30.0";"2291.88";"6573.89990";"6738.89990";"-37006.51";"0.00";"IST";"PT";"22h 16m";"-183.12"
"316";"USTEC_ICM_UTC2";"Buy";"6742.3";"6824.8";"2018.04.17 16:30:00";"2018.04.17 21:50:00";"30.0";"2475.00";"6659.79980";"6824.79980";"-34531.51";"0.00";"IST";"PT";"5h 20m";"-0.00"
"317";"USTEC_ICM_UTC2";"Buy";"6847.8";"6765.3";"2018.04.18 19:15:00";"2018.04.19 18:14:00";"30.0";"-2658.12";"6765.29980";"6930.29980";"-37189.63";"0.00";"IST";"SL";"22h 59m";"-183.12"
"318";"USTEC_ICM_UTC2";"Buy";"6766.4";"6683.9";"2018.04.19 18:15:00";"2018.04.20 18:10:00";"30.0";"-2658.12";"6683.89990";"6848.89990";"-39847.75";"0.00";"IST";"SL";"23h 55m";"-183.12"
"319";"USTEC_ICM_UTC2";"Buy";"6670.4";"6662.9";"2018.04.20 18:30:00";"2018.04.20 22:55:00";"30.0";"-225.00";"6587.89990";"6752.89990";"-40072.75";"0.00";"IST";"End Of Friday (Time)";"4h 25m";"-0.00"
"320";"USTEC_ICM_UTC2";"Buy";"6696.3";"6613.8";"2018.04.23 16:30:00";"2018.04.23 21:54:00";"30.0";"-2475.00";"6613.79980";"6778.79980";"-42547.75";"0.00";"IST";"SL";"5h 24m";"-0.00"
"321";"USTEC_ICM_UTC2";"Buy";"6520.2";"6437.7";"2018.04.25 16:30:00";"2018.04.25 17:01:00";"30.0";"-2475.00";"6437.70020";"6602.70020";"-45022.75";"0.00";"IST";"SL";"31m 0s";"-0.00"
"322";"USTEC_ICM_UTC2";"Buy";"6605.4";"6687.9";"2018.04.26 17:00:00";"2018.04.26 23:02:00";"30.0";"2475.00";"6522.89990";"6687.89990";"-42547.75";"0.00";"IST";"PT";"6h 2m";"-0.00"
"323";"USTEC_ICM_UTC2";"Buy";"6749.3";"6666.8";"2018.04.27 16:30:00";"2018.04.27 17:25:00";"30.0";"-2475.00";"6666.79980";"6831.79980";"-45022.75";"0.00";"IST";"SL";"55m 0s";"-0.00"
"324";"USTEC_ICM_UTC2";"Buy";"6689.3";"6606.8";"2018.04.30 18:00:00";"2018.04.30 19:09:00";"30.0";"-2475.00";"6606.79980";"6771.79980";"-47497.75";"0.00";"IST";"SL";"1h 9m";"-0.00"
"325";"USTEC_ICM_UTC2";"Buy";"6578.0";"6660.5";"2018.05.01 16:45:00";"2018.05.01 22:33:00";"30.0";"2475.00";"6495.50000";"6660.50000";"-45022.75";"0.00";"IST";"PT";"5h 48m";"-0.00"
"326";"USTEC_ICM_UTC2";"Buy";"6681.3";"6598.8";"2018.05.02 17:00:00";"2018.05.03 15:03:00";"30.0";"-2658.12";"6598.79980";"6763.79980";"-47680.87";"0.00";"IST";"SL";"22h 3m";"-183.12"
"327";"USTEC_ICM_UTC2";"Buy";"6612.4";"6694.9";"2018.05.03 16:30:00";"2018.05.04 17:26:00";"30.0";"2291.88";"6529.89990";"6694.89990";"-45388.99";"0.00";"IST";"PT";"1d 0h 56m";"-183.12"
"328";"USTEC_ICM_UTC2";"Buy";"6727.1";"6761.4";"2018.05.04 18:00:00";"2018.05.04 22:55:00";"30.0";"1029.00";"6644.60010";"6809.60010";"-44359.99";"0.00";"IST";"End Of Friday (Time)";"4h 55m";"-0.00"
"329";"USTEC_ICM_UTC2";"Buy";"6833.4";"6915.9";"2018.05.07 21:45:00";"2018.05.10 15:53:00";"30.0";"1925.64";"6750.89990";"6915.89990";"-42434.35";"0.00";"IST";"PT";"2d 18h 8m";"-549.36"
"330";"USTEC_ICM_UTC2";"Buy";"6921.8";"6944.8";"2018.05.10 16:45:00";"2018.05.11 22:55:00";"30.0";"506.88";"6839.29980";"7004.29980";"-41927.47";"0.00";"IST";"End Of Friday (Time)";"1d 6h 10m";"-183.12"
"331";"USTEC_ICM_UTC2";"Buy";"6992.0";"6909.5";"2018.05.14 18:30:00";"2018.05.15 15:50:00";"30.0";"-2658.12";"6909.50000";"7074.50000";"-44585.59";"0.00";"IST";"SL";"21h 20m";"-183.12"
"332";"USTEC_ICM_UTC2";"Buy";"6871.5";"6869.6";"2018.05.15 18:30:00";"2018.05.18 22:55:00";"30.0";"-606.36";"6789.00000";"6954.00000";"-45191.95";"0.00";"IST";"End Of Friday (Time)";"3d 4h 25m";"-549.36"
"333";"USTEC_ICM_UTC2";"Buy";"6948.0";"6865.5";"2018.05.21 16:45:00";"2018.05.23 05:58:00";"30.0";"-2841.24";"6865.50000";"7030.50000";"-48033.19";"0.00";"IST";"SL";"1d 13h 13m";"-366.24"
"334";"USTEC_ICM_UTC2";"Buy";"6879.0";"6961.5";"2018.05.23 17:30:00";"2018.05.24 10:19:00";"30.0";"2291.88";"6796.50000";"6961.50000";"-45741.31";"0.00";"IST";"PT";"16h 49m";"-183.12"
"335";"USTEC_ICM_UTC2";"Buy";"6932.4";"6960.3";"2018.05.24 17:15:00";"2018.05.25 22:55:00";"30.0";"653.88";"6849.89990";"7014.89990";"-45087.43";"0.00";"IST";"End Of Friday (Time)";"1d 5h 40m";"-183.12"
"336";"USTEC_ICM_UTC2";"Buy";"6982.8";"6900.3";"2018.05.28 18:45:00";"2018.05.29 11:30:00";"30.0";"-2658.12";"6900.29980";"7065.29980";"-47745.55";"0.00";"IST";"SL";"16h 45m";"-183.12"
"337";"USTEC_ICM_UTC2";"Buy";"6948.1";"7030.6";"2018.05.29 18:00:00";"2018.06.01 16:55:00";"30.0";"1925.64";"6865.60010";"7030.60010";"-45819.91";"0.00";"IST";"PT";"2d 22h 55m";"-549.36"
"338";"USTEC_ICM_UTC2";"Buy";"7030.4";"7078.0";"2018.06.01 17:00:00";"2018.06.01 22:55:00";"30.0";"1428.00";"6947.89990";"7112.89990";"-44391.91";"0.00";"IST";"End Of Friday (Time)";"5h 55m";"-0.00"
"339";"USTEC_ICM_UTC2";"Buy";"7099.1";"7181.6";"2018.06.04 16:30:00";"2018.06.06 03:33:00";"30.0";"2108.76";"7016.60010";"7181.60010";"-42283.15";"0.00";"IST";"PT";"1d 11h 3m";"-366.24"
"340";"USTEC_ICM_UTC2";"Buy";"7171.4";"7088.9";"2018.06.06 21:00:00";"2018.06.08 11:08:00";"30.0";"-2841.24";"7088.89990";"7253.89990";"-45124.39";"0.00";"IST";"SL";"1d 14h 8m";"-366.24"
"341";"USTEC_ICM_UTC2";"Buy";"7107.1";"7155.5";"2018.06.08 17:45:00";"2018.06.08 22:55:00";"30.0";"1452.00";"7024.60010";"7189.60010";"-43672.39";"0.00";"IST";"End Of Friday (Time)";"5h 10m";"-0.00"
"342";"USTEC_ICM_UTC2";"Buy";"7152.0";"7234.5";"2018.06.11 17:30:00";"2018.06.13 17:12:00";"30.0";"2108.76";"7069.50000";"7234.50000";"-41563.63";"0.00";"IST";"PT";"1d 23h 42m";"-366.24"
"343";"USTEC_ICM_UTC2";"Buy";"7237.5";"7252.0";"2018.06.13 18:00:00";"2018.06.15 22:55:00";"30.0";"68.76";"7155.00000";"7320.00000";"-41494.87";"0.00";"IST";"End Of Friday (Time)";"2d 4h 55m";"-366.24"
"344";"USTEC_ICM_UTC2";"Buy";"7205.3";"7287.8";"2018.06.18 16:45:00";"2018.06.20 18:53:00";"30.0";"2108.76";"7122.79980";"7287.79980";"-39386.11";"0.00";"IST";"PT";"2d 2h 8m";"-366.24"
"345";"USTEC_ICM_UTC2";"Buy";"7296.3";"7213.8";"2018.06.20 19:15:00";"2018.06.21 17:22:00";"30.0";"-2658.12";"7213.79980";"7378.79980";"-42044.23";"0.00";"IST";"SL";"22h 7m";"-183.12"
"346";"USTEC_ICM_UTC2";"Buy";"7236.8";"7207.5";"2018.06.21 19:30:00";"2018.06.22 22:55:00";"30.0";"-1062.12";"7154.29980";"7319.29980";"-43106.35";"0.00";"IST";"End Of Friday (Time)";"1d 3h 25m";"-183.12"
"347";"USTEC_ICM_UTC2";"Buy";"7135.3";"7052.8";"2018.06.25 16:30:00";"2018.06.25 18:04:00";"30.0";"-2475.00";"7052.79980";"7217.79980";"-45581.35";"0.00";"IST";"SL";"1h 34m";"-0.00"
"348";"USTEC_ICM_UTC2";"Buy";"7065.8";"6983.3";"2018.06.26 16:30:00";"2018.06.27 22:14:00";"30.0";"-2658.12";"6983.29980";"7148.29980";"-48239.47";"0.00";"IST";"SL";"1d 5h 44m";"-183.12"
"349";"USTEC_ICM_UTC2";"Buy";"6994.4";"7076.9";"2018.06.28 19:15:00";"2018.06.29 07:37:00";"30.0";"2291.88";"6911.89990";"7076.89990";"-45947.59";"0.00";"IST";"PT";"12h 22m";"-183.12"
"350";"USTEC_ICM_UTC2";"Buy";"7077.9";"7053.5";"2018.06.29 17:30:00";"2018.06.29 22:55:00";"30.0";"-732.00";"6995.39990";"7160.39990";"-46679.59";"0.00";"IST";"End Of Friday (Time)";"5h 25m";"-0.00"
"351";"USTEC_ICM_UTC2";"Buy";"7035.3";"7117.8";"2018.07.02 18:15:00";"2018.07.03 10:09:00";"30.0";"2291.88";"6952.79980";"7117.79980";"-44387.71";"0.00";"IST";"PT";"15h 54m";"-183.12"
"352";"USTEC_ICM_UTC2";"Buy";"7081.7";"6996.9";"2018.07.03 18:30:00";"2018.07.04 01:02:00";"30.0";"-2728.32";"6999.20020";"7164.20020";"-47116.03";"0.00";"IST";"SL";"6h 32m";"-183.12"
"353";"USTEC_ICM_UTC2";"Buy";"7010.6";"7093.1";"2018.07.04 18:15:00";"2018.07.05 19:59:00";"30.0";"2291.88";"6928.10010";"7093.10010";"-44824.15";"0.00";"IST";"PT";"1d 1h 44m";"-183.12"
"354";"USTEC_ICM_UTC2";"Buy";"7092.0";"7174.5";"2018.07.05 20:00:00";"2018.07.06 18:26:00";"30.0";"2291.88";"7009.50000";"7174.50000";"-42532.27";"0.00";"IST";"PT";"22h 26m";"-183.12"
"355";"USTEC_ICM_UTC2";"Buy";"7199.3";"7202.9";"2018.07.06 19:30:00";"2018.07.06 22:55:00";"30.0";"108.00";"7116.79980";"7281.79980";"-42424.27";"0.00";"IST";"End Of Friday (Time)";"3h 25m";"-0.00"
"356";"USTEC_ICM_UTC2";"Buy";"7247.8";"7330.3";"2018.07.09 16:30:00";"2018.07.12 18:13:00";"30.0";"1925.64";"7165.29980";"7330.29980";"-40498.63";"0.00";"IST";"PT";"3d 1h 43m";"-549.36"
"357";"USTEC_ICM_UTC2";"Buy";"7331.1";"7378.1";"2018.07.12 18:15:00";"2018.07.13 22:55:00";"30.0";"1226.88";"7248.60010";"7413.60010";"-39271.75";"0.00";"IST";"End Of Friday (Time)";"1d 4h 40m";"-183.12"
"358";"USTEC_ICM_UTC2";"Buy";"7377.0";"7294.5";"2018.07.16 16:30:00";"2018.07.17 05:10:00";"30.0";"-2658.12";"7294.50000";"7459.50000";"-41929.87";"0.00";"IST";"SL";"12h 40m";"-183.12"
"359";"USTEC_ICM_UTC2";"Buy";"7345.4";"7345.9";"2018.07.17 17:45:00";"2018.07.20 22:55:00";"30.0";"-534.36";"7262.89990";"7427.89990";"-42464.23";"0.00";"IST";"End Of Friday (Time)";"3d 5h 10m";"-549.36"
"360";"USTEC_ICM_UTC2";"Buy";"7317.5";"7400.0";"2018.07.23 16:45:00";"2018.07.23 23:04:00";"30.0";"2475.00";"7235.00000";"7400.00000";"-39989.23";"0.00";"IST";"PT";"6h 19m";"-0.00"
"361";"USTEC_ICM_UTC2";"Buy";"7450.7";"7368.2";"2018.07.24 16:30:00";"2018.07.26 23:01:00";"30.0";"-2841.24";"7368.20020";"7533.20020";"-42830.47";"0.00";"IST";"SL";"2d 6h 31m";"-366.24"
"362";"USTEC_ICM_UTC2";"Buy";"7274.4";"7295.9";"2018.07.27 21:45:00";"2018.07.27 22:55:00";"30.0";"645.00";"7191.89990";"7356.89990";"-42185.47";"0.00";"IST";"End Of Friday (Time)";"1h 10m";"-0.00"
"363";"USTEC_ICM_UTC2";"Buy";"7295.7";"7213.2";"2018.07.30 16:30:00";"2018.07.30 16:45:00";"30.0";"-2475.00";"7213.20020";"7378.20020";"-44660.47";"0.00";"IST";"SL";"15m 0s";"-0.00"
"364";"USTEC_ICM_UTC2";"Buy";"7195.9";"7282.1";"2018.07.31 17:30:00";"2018.08.01 01:00:00";"30.0";"2401.98";"7113.39990";"7278.39990";"-42258.49";"0.00";"IST";"PT";"7h 30m";"-183.12"
"365";"USTEC_ICM_UTC2";"Buy";"7274.3";"7356.8";"2018.08.01 17:00:00";"2018.08.02 20:09:00";"30.0";"2291.88";"7191.79980";"7356.79980";"-39966.61";"0.00";"IST";"PT";"1d 3h 9m";"-183.12"
"366";"USTEC_ICM_UTC2";"Buy";"7366.0";"7391.5";"2018.08.02 20:30:00";"2018.08.03 22:55:00";"30.0";"581.88";"7283.50000";"7448.50000";"-39384.73";"0.00";"IST";"End Of Friday (Time)";"1d 2h 25m";"-183.12"
"367";"USTEC_ICM_UTC2";"Buy";"7400.9";"7483.4";"2018.08.06 18:00:00";"2018.08.08 17:55:00";"30.0";"2108.76";"7318.39990";"7483.39990";"-37275.97";"0.00";"IST";"PT";"1d 23h 55m";"-366.24"
"368";"USTEC_ICM_UTC2";"Buy";"7484.0";"7401.5";"2018.08.08 18:00:00";"2018.08.10 20:47:00";"30.0";"-2841.24";"7401.50000";"7566.50000";"-40117.21";"0.00";"IST";"SL";"2d 2h 47m";"-366.24"
"369";"USTEC_ICM_UTC2";"Buy";"7458.5";"7376.0";"2018.08.13 18:00:00";"2018.08.15 14:39:00";"30.0";"-2841.24";"7376.00000";"7541.00000";"-42958.45";"0.00";"IST";"SL";"1d 20h 39m";"-366.24"
"370";"USTEC_ICM_UTC2";"Buy";"7314.3";"7396.8";"2018.08.15 17:30:00";"2018.08.16 05:10:00";"30.0";"2291.88";"7231.79980";"7396.79980";"-40666.57";"0.00";"IST";"PT";"11h 40m";"-183.12"
"371";"USTEC_ICM_UTC2";"Buy";"7416.8";"7334.3";"2018.08.16 18:30:00";"2018.08.17 17:06:00";"30.0";"-2658.12";"7334.29980";"7499.29980";"-43324.69";"0.00";"IST";"SL";"22h 36m";"-183.12"
"372";"USTEC_ICM_UTC2";"Buy";"7342.5";"7381.5";"2018.08.17 19:45:00";"2018.08.17 22:55:00";"30.0";"1170.00";"7260.00000";"7425.00000";"-42154.69";"0.00";"IST";"End Of Friday (Time)";"3h 10m";"-0.00"
"373";"USTEC_ICM_UTC2";"Buy";"7415.7";"7487.2";"2018.08.21 18:00:00";"2018.08.24 22:55:00";"30.0";"1595.64";"7333.20020";"7498.20020";"-40559.05";"0.00";"IST";"End Of Friday (Time)";"3d 4h 55m";"-549.36"
"374";"USTEC_ICM_UTC2";"Buy";"7522.2";"7604.7";"2018.08.27 16:30:00";"2018.08.29 17:08:00";"30.0";"2108.76";"7439.70020";"7604.70020";"-38450.29";"0.00";"IST";"PT";"2d 0h 38m";"-366.24"
"375";"USTEC_ICM_UTC2";"Buy";"7616.6";"7656.4";"2018.08.29 17:30:00";"2018.08.31 22:55:00";"30.0";"827.76";"7534.10010";"7699.10010";"-37622.53";"0.00";"IST";"End Of Friday (Time)";"2d 5h 25m";"-366.24"
"376";"USTEC_ICM_UTC2";"Buy";"7676.7";"7594.2";"2018.09.03 19:00:00";"2018.09.04 16:39:00";"30.0";"-2658.12";"7594.20020";"7759.20020";"-40280.65";"0.00";"IST";"SL";"21h 39m";"-183.12"
"377";"USTEC_ICM_UTC2";"Buy";"7639.1";"7556.6";"2018.09.04 18:00:00";"2018.09.05 16:59:00";"30.0";"-2658.12";"7556.60010";"7721.60010";"-42938.77";"0.00";"IST";"SL";"22h 59m";"-183.12"
"378";"USTEC_ICM_UTC2";"Buy";"7538.3";"7455.8";"2018.09.05 17:15:00";"2018.09.06 17:35:00";"30.0";"-2658.12";"7455.79980";"7620.79980";"-45596.89";"0.00";"IST";"SL";"1d 0h 20m";"-183.12"
"379";"USTEC_ICM_UTC2";"Buy";"7427.9";"7426.2";"2018.09.06 19:45:00";"2018.09.07 22:55:00";"30.0";"-234.12";"7345.39990";"7510.39990";"-45831.01";"0.00";"IST";"End Of Friday (Time)";"1d 3h 10m";"-183.12"
"380";"USTEC_ICM_UTC2";"Buy";"7455.3";"7537.8";"2018.09.11 18:00:00";"2018.09.13 16:31:00";"30.0";"2108.76";"7372.79980";"7537.79980";"-43722.25";"0.00";"IST";"PT";"1d 22h 31m";"-366.24"
"381";"USTEC_ICM_UTC2";"Buy";"7552.4";"7549.9";"2018.09.13 17:00:00";"2018.09.14 22:55:00";"30.0";"-258.12";"7469.89990";"7634.89990";"-43980.37";"0.00";"IST";"End Of Friday (Time)";"1d 5h 55m";"-183.12"
"382";"USTEC_ICM_UTC2";"Buy";"7475.7";"7393.2";"2018.09.17 17:15:00";"2018.09.18 02:49:00";"30.0";"-2658.12";"7393.20020";"7558.20020";"-46638.49";"0.00";"IST";"SL";"9h 34m";"-183.12"
"383";"USTEC_ICM_UTC2";"Buy";"7483.1";"7565.6";"2018.09.18 16:45:00";"2018.09.20 17:02:00";"30.0";"2108.76";"7400.60010";"7565.60010";"-44529.73";"0.00";"IST";"PT";"2d 0h 17m";"-366.24"
"384";"USTEC_ICM_UTC2";"Buy";"7557.6";"7533.3";"2018.09.20 18:00:00";"2018.09.21 22:55:00";"30.0";"-912.12";"7475.10010";"7640.10010";"-45441.85";"0.00";"IST";"End Of Friday (Time)";"1d 4h 55m";"-183.12"
"385";"USTEC_ICM_UTC2";"Buy";"7505.3";"7587.8";"2018.09.24 18:00:00";"2018.09.26 05:37:00";"30.0";"2108.76";"7422.79980";"7587.79980";"-43333.09";"0.00";"IST";"PT";"1d 11h 37m";"-366.24"
"386";"USTEC_ICM_UTC2";"Buy";"7586.5";"7621.6";"2018.09.26 16:45:00";"2018.09.28 22:55:00";"30.0";"686.76";"7504.00000";"7669.00000";"-42646.33";"0.00";"IST";"End Of Friday (Time)";"2d 6h 10m";"-366.24"
"387";"USTEC_ICM_UTC2";"Buy";"7681.6";"7599.1";"2018.10.01 19:15:00";"2018.10.04 04:54:00";"30.0";"-3024.36";"7599.10010";"7764.10010";"-45670.69";"0.00";"IST";"SL";"2d 9h 39m";"-549.36"
"388";"USTEC_ICM_UTC2";"Buy";"7547.5";"7465.0";"2018.10.04 17:15:00";"2018.10.04 19:25:00";"30.0";"-2475.00";"7465.00000";"7630.00000";"-48145.69";"0.00";"IST";"SL";"2h 10m";"-0.00"
"389";"USTEC_ICM_UTC2";"Buy";"7457.8";"7375.3";"2018.10.05 17:00:00";"2018.10.05 18:47:00";"30.0";"-2475.00";"7375.29980";"7540.29980";"-50620.69";"0.00";"IST";"SL";"1h 47m";"-0.00"
"390";"USTEC_ICM_UTC2";"Buy";"7381.6";"7299.1";"2018.10.08 18:00:00";"2018.10.08 18:40:00";"30.0";"-2475.00";"7299.10010";"7464.10010";"-53095.69";"0.00";"IST";"SL";"40m 0s";"-0.00"
"391";"USTEC_ICM_UTC2";"Buy";"7381.9";"7299.4";"2018.10.09 16:45:00";"2018.10.10 16:36:00";"30.0";"-2658.12";"7299.39990";"7464.39990";"-55753.81";"0.00";"IST";"SL";"23h 51m";"-183.12"
"392";"USTEC_ICM_UTC2";"Buy";"7018.1";"7100.6";"2018.10.11 16:30:00";"2018.10.11 16:54:00";"30.0";"2475.00";"6935.60010";"7100.60010";"-53278.81";"0.00";"IST";"PT";"24m 0s";"-0.00"
"393";"USTEC_ICM_UTC2";"Buy";"7128.3";"7045.8";"2018.10.12 17:15:00";"2018.10.12 19:39:00";"30.0";"-2475.00";"7045.79980";"7210.79980";"-55753.81";"0.00";"IST";"SL";"2h 24m";"-0.00"
"394";"USTEC_ICM_UTC2";"Buy";"7077.5";"7160.0";"2018.10.15 19:15:00";"2018.10.16 16:44:00";"30.0";"2291.88";"6995.00000";"7160.00000";"-53461.93";"0.00";"IST";"PT";"21h 29m";"-183.12"
"395";"USTEC_ICM_UTC2";"Buy";"7173.9";"7256.4";"2018.10.16 17:00:00";"2018.10.16 21:30:00";"30.0";"2475.00";"7091.39990";"7256.39990";"-50986.93";"0.00";"IST";"PT";"4h 30m";"-0.00"
"396";"USTEC_ICM_UTC2";"Buy";"7236.2";"7153.7";"2018.10.17 17:15:00";"2018.10.18 18:34:00";"30.0";"-2658.12";"7153.70020";"7318.70020";"-53645.05";"0.00";"IST";"SL";"1d 1h 19m";"-183.12"
"397";"USTEC_ICM_UTC2";"Buy";"7142.5";"7225.0";"2018.10.18 18:45:00";"2018.10.19 17:04:00";"30.0";"2291.88";"7060.00000";"7225.00000";"-51353.17";"0.00";"IST";"PT";"22h 19m";"-183.12"
"398";"USTEC_ICM_UTC2";"Buy";"7207.8";"7125.3";"2018.10.19 17:45:00";"2018.10.19 19:20:00";"30.0";"-2475.00";"7125.29980";"7290.29980";"-53828.17";"0.00";"IST";"SL";"1h 35m";"-0.00"
"399";"USTEC_ICM_UTC2";"Buy";"7153.1";"7070.6";"2018.10.22 18:45:00";"2018.10.23 06:30:00";"30.0";"-2658.12";"7070.60010";"7235.60010";"-56486.29";"0.00";"IST";"SL";"11h 45m";"-183.12"
"400";"USTEC_ICM_UTC2";"Buy";"7029.1";"7111.6";"2018.10.23 19:15:00";"2018.10.23 21:24:00";"30.0";"2475.00";"6946.60010";"7111.60010";"-54011.29";"0.00";"IST";"PT";"2h 9m";"-0.00"
"401";"USTEC_ICM_UTC2";"Buy";"7077.5";"6995.0";"2018.10.24 17:00:00";"2018.10.24 18:08:00";"30.0";"-2475.00";"6995.00000";"7160.00000";"-56486.29";"0.00";"IST";"SL";"1h 8m";"-0.00"
"402";"USTEC_ICM_UTC2";"Buy";"6958.7";"7041.2";"2018.10.25 18:00:00";"2018.10.25 21:35:00";"30.0";"2475.00";"6876.20020";"7041.20020";"-54011.29";"0.00";"IST";"PT";"3h 35m";"-0.00"
"403";"USTEC_ICM_UTC2";"Buy";"6782.0";"6864.5";"2018.10.26 16:30:00";"2018.10.26 16:45:00";"30.0";"2475.00";"6699.50000";"6864.50000";"-51536.29";"0.00";"IST";"PT";"15m 0s";"-0.00"
"404";"USTEC_ICM_UTC2";"Buy";"6883.3";"6800.8";"2018.10.29 17:15:00";"2018.10.29 18:22:00";"30.0";"-2475.00";"6800.79980";"6965.79980";"-54011.29";"0.00";"IST";"SL";"1h 7m";"-0.00"
"405";"USTEC_ICM_UTC2";"Buy";"6719.3";"6801.8";"2018.10.30 17:15:00";"2018.10.30 17:50:00";"30.0";"2475.00";"6636.79980";"6801.79980";"-51536.29";"0.00";"IST";"PT";"35m 0s";"-0.00"
"406";"USTEC_ICM_UTC2";"Buy";"6998.0";"7080.5";"2018.10.31 16:30:00";"2018.11.02 07:04:00";"30.0";"2108.76";"6915.50000";"7080.50000";"-49427.54";"0.00";"IST";"PT";"1d 14h 34m";"-366.24"
"407";"USTEC_ICM_UTC2";"Buy";"6946.1";"6863.6";"2018.11.02 19:15:00";"2018.11.05 17:21:00";"30.0";"-3024.36";"6863.60010";"7028.60010";"-52451.89";"0.00";"IST";"SL";"2d 22h 6m";"-549.36"
"408";"USTEC_ICM_UTC2";"Buy";"6880.1";"6962.6";"2018.11.05 18:45:00";"2018.11.06 16:32:00";"30.0";"2291.88";"6797.60010";"6962.60010";"-50160.01";"0.00";"IST";"PT";"21h 47m";"-183.12"
"409";"USTEC_ICM_UTC2";"Buy";"6999.4";"7081.9";"2018.11.06 17:30:00";"2018.11.07 10:45:00";"30.0";"2291.88";"6916.89990";"7081.89990";"-47868.13";"0.00";"IST";"PT";"17h 15m";"-183.12"
"410";"USTEC_ICM_UTC2";"Buy";"7071.7";"7154.2";"2018.11.07 16:30:00";"2018.11.07 17:53:00";"30.0";"2475.00";"6989.20020";"7154.20020";"-45393.13";"0.00";"IST";"PT";"1h 23m";"-0.00"
"411";"USTEC_ICM_UTC2";"Buy";"7183.7";"7101.2";"2018.11.08 17:00:00";"2018.11.09 10:27:00";"30.0";"-2658.12";"7101.20020";"7266.20020";"-48051.25";"0.00";"IST";"SL";"17h 27m";"-183.12"
"412";"USTEC_ICM_UTC2";"Buy";"6858.5";"6941.0";"2018.11.12 20:00:00";"2018.11.13 18:18:00";"30.0";"2291.88";"6776.00000";"6941.00000";"-45759.38";"0.00";"IST";"PT";"22h 18m";"-183.12"
"413";"USTEC_ICM_UTC2";"Buy";"6900.3";"6817.8";"2018.11.13 19:00:00";"2018.11.13 21:46:00";"30.0";"-2475.00";"6817.79980";"6982.79980";"-48234.38";"0.00";"IST";"SL";"2h 46m";"-0.00"
"414";"USTEC_ICM_UTC2";"Buy";"6891.8";"6809.3";"2018.11.14 16:30:00";"2018.11.14 18:02:00";"30.0";"-2475.00";"6809.29980";"6974.29980";"-50709.38";"0.00";"IST";"SL";"1h 32m";"-0.00"
"415";"USTEC_ICM_UTC2";"Buy";"6805.1";"6887.6";"2018.11.15 19:30:00";"2018.11.15 21:29:00";"30.0";"2475.00";"6722.60010";"6887.60010";"-48234.38";"0.00";"IST";"PT";"1h 59m";"-0.00"
"416";"USTEC_ICM_UTC2";"Buy";"6858.5";"6874.8";"2018.11.16 17:00:00";"2018.11.16 22:55:00";"30.0";"489.00";"6776.00000";"6941.00000";"-47745.38";"0.00";"IST";"End Of Friday (Time)";"5h 55m";"-0.00"
"417";"USTEC_ICM_UTC2";"Buy";"6685.3";"6602.8";"2018.11.19 19:00:00";"2018.11.20 10:09:00";"30.0";"-2658.12";"6602.79980";"6767.79980";"-50403.49";"0.00";"IST";"SL";"15h 9m";"-183.12"
"418";"USTEC_ICM_UTC2";"Buy";"6602.0";"6519.5";"2018.11.20 18:45:00";"2018.11.20 21:00:00";"30.0";"-2475.00";"6519.50000";"6684.50000";"-52878.49";"0.00";"IST";"SL";"2h 15m";"-0.00"
"419";"USTEC_ICM_UTC2";"Buy";"6586.3";"6503.8";"2018.11.21 17:15:00";"2018.11.22 18:00:00";"30.0";"-2658.12";"6503.79980";"6668.79980";"-55536.61";"0.00";"IST";"SL";"1d 0h 45m";"-183.12"
"420";"USTEC_ICM_UTC2";"Buy";"6555.0";"6637.5";"2018.11.23 17:30:00";"2018.11.26 10:40:00";"30.0";"1925.64";"6472.50000";"6637.50000";"-53610.97";"0.00";"IST";"PT";"2d 17h 10m";"-549.36"
"421";"USTEC_ICM_UTC2";"Buy";"6647.1";"6729.6";"2018.11.26 18:00:00";"2018.11.28 08:12:00";"30.0";"2108.76";"6564.60010";"6729.60010";"-51502.21";"0.00";"IST";"PT";"1d 14h 12m";"-366.24"
"422";"USTEC_ICM_UTC2";"Buy";"6736.8";"6819.3";"2018.11.28 16:45:00";"2018.11.28 19:09:00";"30.0";"2475.00";"6654.29980";"6819.29980";"-49027.21";"0.00";"IST";"PT";"2h 24m";"-0.00"
"423";"USTEC_ICM_UTC2";"Buy";"6885.4";"6925.4";"2018.11.29 16:30:00";"2018.11.30 22:55:00";"30.0";"1016.88";"6802.89990";"6967.89990";"-48010.33";"0.00";"IST";"End Of Friday (Time)";"1d 6h 25m";"-183.12"
"424";"USTEC_ICM_UTC2";"Buy";"7048.2";"6965.7";"2018.12.03 18:15:00";"2018.12.04 19:05:00";"30.0";"-2658.12";"6965.70020";"7130.70020";"-50668.45";"0.00";"IST";"SL";"1d 0h 50m";"-183.12"
"425";"USTEC_ICM_UTC2";"Buy";"6859.2";"6776.7";"2018.12.04 22:00:00";"2018.12.06 01:00:00";"30.0";"-2841.24";"6776.70020";"6941.70020";"-53509.70";"0.00";"IST";"SL";"1d 3h 0m";"-366.24"
"426";"USTEC_ICM_UTC2";"Buy";"6658.6";"6741.1";"2018.12.06 18:15:00";"2018.12.06 19:15:00";"30.0";"2475.00";"6576.10010";"6741.10010";"-51034.70";"0.00";"IST";"PT";"1h 0m";"-0.00"
"427";"USTEC_ICM_UTC2";"Buy";"6806.3";"6723.8";"2018.12.07 16:30:00";"2018.12.07 18:04:00";"30.0";"-2475.00";"6723.79980";"6888.79980";"-53509.70";"0.00";"IST";"SL";"1h 34m";"-0.00"
"428";"USTEC_ICM_UTC2";"Buy";"6563.5";"6646.0";"2018.12.10 18:15:00";"2018.12.10 19:49:00";"30.0";"2475.00";"6481.00000";"6646.00000";"-51034.70";"0.00";"IST";"PT";"1h 34m";"-0.00"
"429";"USTEC_ICM_UTC2";"Buy";"6786.7";"6704.2";"2018.12.11 16:30:00";"2018.12.11 19:10:00";"30.0";"-2475.00";"6704.20020";"6869.20020";"-53509.70";"0.00";"IST";"SL";"2h 40m";"-0.00"
"430";"USTEC_ICM_UTC2";"Buy";"6807.3";"6724.8";"2018.12.12 17:00:00";"2018.12.13 19:26:00";"30.0";"-2658.12";"6724.79980";"6889.79980";"-56167.81";"0.00";"IST";"SL";"1d 2h 26m";"-183.12"
"431";"USTEC_ICM_UTC2";"Buy";"6730.6";"6648.1";"2018.12.13 21:45:00";"2018.12.14 10:55:00";"30.0";"-2658.12";"6648.10010";"6813.10010";"-58825.93";"0.00";"IST";"SL";"13h 10m";"-183.12"
"432";"USTEC_ICM_UTC2";"Buy";"6670.6";"6588.1";"2018.12.14 16:45:00";"2018.12.14 22:43:00";"30.0";"-2475.00";"6588.10010";"6753.10010";"-61300.93";"0.00";"IST";"SL";"5h 58m";"-0.00"
"433";"USTEC_ICM_UTC2";"Buy";"6612.5";"6530.0";"2018.12.17 19:00:00";"2018.12.17 20:01:00";"30.0";"-2475.00";"6530.00000";"6695.00000";"-63775.93";"0.00";"IST";"SL";"1h 1m";"-0.00"
"434";"USTEC_ICM_UTC2";"Buy";"6546.4";"6463.9";"2018.12.18 20:00:00";"2018.12.18 21:56:00";"30.0";"-2475.00";"6463.89990";"6628.89990";"-66250.94";"0.00";"IST";"SL";"1h 56m";"-0.00"
"435";"USTEC_ICM_UTC2";"Buy";"6560.6";"6478.1";"2018.12.19 18:00:00";"2018.12.19 21:04:00";"30.0";"-2475.00";"6478.10010";"6643.10010";"-68725.94";"0.00";"IST";"SL";"3h 4m";"-0.00"
"436";"USTEC_ICM_UTC2";"Buy";"6257.3";"6174.8";"2018.12.20 22:30:00";"2018.12.21 18:47:00";"30.0";"-2658.12";"6174.79980";"6339.79980";"-71384.05";"0.00";"IST";"SL";"20h 17m";"-183.12"
"437";"USTEC_ICM_UTC2";"Buy";"6110.5";"6028.0";"2018.12.21 21:30:00";"2018.12.21 22:36:00";"30.0";"-2475.00";"6028.00000";"6193.00000";"-73859.05";"0.00";"IST";"SL";"1h 6m";"-0.00"
"438";"USTEC_ICM_UTC2";"Buy";"6002.1";"5919.6";"2018.12.24 16:30:00";"2018.12.24 19:56:00";"30.0";"-2475.00";"5919.60010";"6084.60010";"-76334.05";"0.00";"IST";"SL";"3h 26m";"-0.00"
"439";"USTEC_ICM_UTC2";"Buy";"5956.8";"6039.3";"2018.12.26 17:30:00";"2018.12.26 18:57:00";"30.0";"2475.00";"5874.29980";"6039.29980";"-73859.05";"0.00";"IST";"PT";"1h 27m";"-0.00"
"440";"USTEC_ICM_UTC2";"Buy";"6063.6";"6146.1";"2018.12.27 21:00:00";"2018.12.27 22:11:00";"30.0";"2475.00";"5981.10010";"6146.10010";"-71384.05";"0.00";"IST";"PT";"1h 11m";"-0.00"
"441";"USTEC_ICM_UTC2";"Buy";"6384.7";"6302.2";"2018.12.28 22:00:00";"2018.12.28 22:26:00";"30.0";"-2475.00";"6302.20020";"6467.20020";"-73859.05";"0.00";"IST";"SL";"26m 0s";"-0.00"
"442";"USTEC_ICM_UTC2";"Buy";"6347.3";"6264.8";"2018.12.31 20:30:00";"2019.01.02 06:03:00";"30.0";"-2841.24";"6264.79980";"6429.79980";"-76700.30";"0.00";"IST";"SL";"1d 9h 33m";"-366.24"
"443";"USTEC_ICM_UTC2";"Buy";"6280.3";"6362.8";"2019.01.02 17:30:00";"2019.01.02 19:57:00";"30.0";"2475.00";"6197.79980";"6362.79980";"-74225.30";"0.00";"IST";"PT";"2h 27m";"-0.00"
"444";"USTEC_ICM_UTC2";"Buy";"6193.5";"6276.0";"2019.01.03 17:15:00";"2019.01.04 16:44:00";"30.0";"2291.88";"6111.00000";"6276.00000";"-71933.41";"0.00";"IST";"PT";"23h 29m";"-183.12"
"445";"USTEC_ICM_UTC2";"Buy";"6383.6";"6407.0";"2019.01.04 18:45:00";"2019.01.04 22:55:00";"30.0";"702.00";"6301.10010";"6466.10010";"-71231.41";"0.00";"IST";"End Of Friday (Time)";"4h 10m";"-0.00"
"446";"USTEC_ICM_UTC2";"Buy";"6485.0";"6567.5";"2019.01.07 18:45:00";"2019.01.08 16:34:00";"30.0";"2291.88";"6402.50000";"6567.50000";"-68939.53";"0.00";"IST";"PT";"21h 49m";"-183.12"
"447";"USTEC_ICM_UTC2";"Buy";"6566.6";"6484.1";"2019.01.08 16:45:00";"2019.01.08 17:44:00";"30.0";"-2475.00";"6484.10010";"6649.10010";"-71414.53";"0.00";"IST";"SL";"59m 0s";"-0.00"
"448";"USTEC_ICM_UTC2";"Buy";"6572.2";"6601.4";"2019.01.09 16:30:00";"2019.01.11 22:55:00";"30.0";"509.76";"6489.70020";"6654.70020";"-70904.77";"0.00";"IST";"End Of Friday (Time)";"2d 6h 25m";"-366.24"
"449";"USTEC_ICM_UTC2";"Buy";"6540.9";"6623.4";"2019.01.14 16:30:00";"2019.01.15 16:45:00";"30.0";"2291.88";"6458.39990";"6623.39990";"-68612.90";"0.00";"IST";"PT";"1d 0h 15m";"-183.12"
"450";"USTEC_ICM_UTC2";"Buy";"6632.1";"6714.6";"2019.01.15 17:30:00";"2019.01.16 16:46:00";"30.0";"2291.88";"6549.60010";"6714.60010";"-66321.02";"0.00";"IST";"PT";"23h 16m";"-183.12"
"451";"USTEC_ICM_UTC2";"Buy";"6711.1";"6628.6";"2019.01.16 17:00:00";"2019.01.17 04:12:00";"30.0";"-2658.12";"6628.60010";"6793.60010";"-68979.13";"0.00";"IST";"SL";"11h 12m";"-183.12"
"452";"USTEC_ICM_UTC2";"Buy";"6643.5";"6726.0";"2019.01.17 16:30:00";"2019.01.17 21:45:00";"30.0";"2475.00";"6561.00000";"6726.00000";"-66504.13";"0.00";"IST";"PT";"5h 15m";"-0.00"
"453";"USTEC_ICM_UTC2";"Buy";"6742.5";"6768.6";"2019.01.18 17:15:00";"2019.01.18 22:55:00";"30.0";"783.00";"6660.00000";"6825.00000";"-65721.13";"0.00";"IST";"End Of Friday (Time)";"5h 40m";"-0.00"
"454";"USTEC_ICM_UTC2";"Buy";"6734.8";"6652.3";"2019.01.21 16:45:00";"2019.01.22 20:07:00";"30.0";"-2658.12";"6652.29980";"6817.29980";"-68379.26";"0.00";"IST";"SL";"1d 3h 22m";"-183.12"
"455";"USTEC_ICM_UTC2";"Buy";"6618.6";"6701.1";"2019.01.22 21:45:00";"2019.01.23 16:36:00";"30.0";"2291.88";"6536.10010";"6701.10010";"-66087.38";"0.00";"IST";"PT";"18h 51m";"-183.12"
"456";"USTEC_ICM_UTC2";"Buy";"6661.7";"6744.2";"2019.01.23 17:45:00";"2019.01.25 15:33:00";"30.0";"2108.76";"6579.20020";"6744.20020";"-63978.61";"0.00";"IST";"PT";"1d 21h 48m";"-366.24"
"457";"USTEC_ICM_UTC2";"Buy";"6761.8";"6778.4";"2019.01.25 17:00:00";"2019.01.25 22:55:00";"30.0";"498.00";"6679.29980";"6844.29980";"-63480.61";"0.00";"IST";"End Of Friday (Time)";"5h 55m";"-0.00"
"458";"USTEC_ICM_UTC2";"Buy";"6677.6";"6760.1";"2019.01.28 18:30:00";"2019.01.30 21:00:00";"30.0";"2108.76";"6595.10010";"6760.10010";"-61371.86";"0.00";"IST";"PT";"2d 2h 30m";"-366.24"
"459";"USTEC_ICM_UTC2";"Buy";"6796.3";"6878.8";"2019.01.30 22:45:00";"2019.01.31 17:14:00";"30.0";"2291.88";"6713.79980";"6878.79980";"-59079.98";"0.00";"IST";"PT";"18h 29m";"-183.12"
"460";"USTEC_ICM_UTC2";"Buy";"6901.8";"6870.9";"2019.01.31 18:30:00";"2019.02.01 22:55:00";"30.0";"-1110.12";"6819.29980";"6984.29980";"-60190.09";"0.00";"IST";"End Of Friday (Time)";"1d 4h 25m";"-183.12"
"461";"USTEC_ICM_UTC2";"Buy";"6915.9";"6998.4";"2019.02.04 17:15:00";"2019.02.05 16:42:00";"30.0";"2291.88";"6833.39990";"6998.39990";"-57898.21";"0.00";"IST";"PT";"23h 27m";"-183.12"
"462";"USTEC_ICM_UTC2";"Buy";"7010.3";"6927.8";"2019.02.05 17:30:00";"2019.02.07 16:30:00";"30.0";"-2841.24";"6927.79980";"7092.79980";"-60739.46";"0.00";"IST";"SL";"1d 23h 0m";"-366.24"
"463";"USTEC_ICM_UTC2";"Buy";"6906.8";"6893.8";"2019.02.07 18:15:00";"2019.02.08 22:55:00";"30.0";"-573.12";"6824.29980";"6989.29980";"-61312.57";"0.00";"IST";"End Of Friday (Time)";"1d 4h 40m";"-183.12"
"464";"USTEC_ICM_UTC2";"Buy";"6917.4";"6999.9";"2019.02.11 20:15:00";"2019.02.12 17:57:00";"30.0";"2291.88";"6834.89990";"6999.89990";"-59020.70";"0.00";"IST";"PT";"21h 42m";"-183.12"
"465";"USTEC_ICM_UTC2";"Buy";"7004.7";"7087.2";"2019.02.12 18:00:00";"2019.02.15 16:28:00";"30.0";"1925.64";"6922.20020";"7087.20020";"-57095.05";"0.00";"IST";"PT";"2d 22h 28m";"-549.36"
"466";"USTEC_ICM_UTC2";"Buy";"7048.3";"7044.3";"2019.02.15 16:45:00";"2019.02.15 22:55:00";"30.0";"-120.00";"6965.79980";"7130.79980";"-57215.05";"0.00";"IST";"End Of Friday (Time)";"6h 10m";"-0.00"
"467";"USTEC_ICM_UTC2";"Buy";"7069.7";"7076.1";"2019.02.18 18:00:00";"2019.02.22 22:55:00";"30.0";"-540.48";"6987.20020";"7152.20020";"-57755.54";"0.00";"IST";"End Of Friday (Time)";"4d 4h 55m";"-732.48"
"468";"USTEC_ICM_UTC2";"Buy";"7157.7";"7075.2";"2019.02.25 16:45:00";"2019.02.26 04:37:00";"30.0";"-2658.12";"7075.20020";"7240.20020";"-60413.66";"0.00";"IST";"SL";"11h 52m";"-183.12"
"469";"USTEC_ICM_UTC2";"Buy";"7101.8";"7149.2";"2019.02.26 18:00:00";"2019.03.01 22:55:00";"30.0";"872.64";"7019.29980";"7184.29980";"-59541.02";"0.00";"IST";"End Of Friday (Time)";"3d 4h 55m";"-549.36"
"470";"USTEC_ICM_UTC2";"Buy";"7189.7";"7107.2";"2019.03.04 16:30:00";"2019.03.04 18:44:00";"30.0";"-2475.00";"7107.20020";"7272.20020";"-62016.02";"0.00";"IST";"SL";"2h 14m";"-0.00"
"471";"USTEC_ICM_UTC2";"Buy";"7153.0";"7070.5";"2019.03.05 16:30:00";"2019.03.07 16:37:00";"30.0";"-2841.24";"7070.50000";"7235.50000";"-64857.25";"0.00";"IST";"SL";"2d 0h 7m";"-366.24"
"472";"USTEC_ICM_UTC2";"Buy";"7064.6";"6982.1";"2019.03.07 19:30:00";"2019.03.08 09:11:00";"30.0";"-2658.12";"6982.10010";"7147.10010";"-67515.38";"0.00";"IST";"SL";"13h 41m";"-183.12"
"473";"USTEC_ICM_UTC2";"Buy";"6986.9";"7010.4";"2019.03.08 17:45:00";"2019.03.08 22:55:00";"30.0";"705.00";"6904.39990";"7069.39990";"-66810.38";"0.00";"IST";"End Of Friday (Time)";"5h 10m";"-0.00"
"474";"USTEC_ICM_UTC2";"Buy";"7108.5";"7191.0";"2019.03.11 16:45:00";"2019.03.12 00:57:00";"30.0";"2291.88";"7026.00000";"7191.00000";"-64518.50";"0.00";"IST";"PT";"8h 12m";"-183.12"
"475";"USTEC_ICM_UTC2";"Buy";"7208.1";"7290.6";"2019.03.12 17:45:00";"2019.03.13 20:06:00";"30.0";"2291.88";"7125.60010";"7290.60010";"-62226.62";"0.00";"IST";"PT";"1d 2h 21m";"-183.12"
"476";"USTEC_ICM_UTC2";"Buy";"7286.7";"7369.2";"2019.03.13 20:15:00";"2019.03.19 17:46:00";"30.0";"1376.28";"7204.20020";"7369.20020";"-60850.34";"0.00";"IST";"PT";"5d 21h 31m";"-1098.72"
"477";"USTEC_ICM_UTC2";"Buy";"7387.2";"7469.7";"2019.03.19 18:15:00";"2019.03.21 19:52:00";"30.0";"2108.76";"7304.70020";"7469.70020";"-58741.57";"0.00";"IST";"PT";"2d 1h 37m";"-366.24"
"478";"USTEC_ICM_UTC2";"Buy";"7493.8";"7411.3";"2019.03.21 20:30:00";"2019.03.22 15:55:00";"30.0";"-2658.12";"7411.29980";"7576.29980";"-61399.70";"0.00";"IST";"SL";"19h 25m";"-183.12"
"479";"USTEC_ICM_UTC2";"Buy";"7347.0";"7264.5";"2019.03.22 20:00:00";"2019.03.25 03:02:00";"30.0";"-3024.36";"7264.50000";"7429.50000";"-64424.05";"0.00";"IST";"SL";"2d 7h 2m";"-549.36"
"480";"USTEC_ICM_UTC2";"Buy";"7313.1";"7395.6";"2019.03.25 18:15:00";"2019.03.26 15:45:00";"30.0";"2291.88";"7230.60010";"7395.60010";"-62132.18";"0.00";"IST";"PT";"21h 30m";"-183.12"
"481";"USTEC_ICM_UTC2";"Buy";"7390.0";"7307.5";"2019.03.26 16:30:00";"2019.03.27 17:14:00";"30.0";"-2658.12";"7307.50000";"7472.50000";"-64790.30";"0.00";"IST";"SL";"1d 0h 44m";"-183.12"
"482";"USTEC_ICM_UTC2";"Buy";"7307.2";"7406.1";"2019.03.27 19:30:00";"2019.04.01 01:00:00";"30.0";"2050.20";"7224.70020";"7389.70020";"-62740.10";"0.00";"IST";"PT";"4d 5h 30m";"-915.60"
"483";"USTEC_ICM_UTC2";"Buy";"7444.4";"7526.9";"2019.04.01 19:15:00";"2019.04.03 03:57:00";"30.0";"2108.76";"7361.89990";"7526.89990";"-60631.34";"0.00";"IST";"PT";"1d 8h 42m";"-366.24"
"484";"USTEC_ICM_UTC2";"Buy";"7579.0";"7496.5";"2019.04.03 18:30:00";"2019.04.04 19:46:00";"30.0";"-2658.12";"7496.50000";"7661.50000";"-63289.46";"0.00";"IST";"SL";"1d 1h 16m";"-183.12"
"485";"USTEC_ICM_UTC2";"Buy";"7531.5";"7573.3";"2019.04.04 21:15:00";"2019.04.05 22:55:00";"30.0";"1070.88";"7449.00000";"7614.00000";"-62218.57";"0.00";"IST";"End Of Friday (Time)";"1d 1h 40m";"-183.12"
"486";"USTEC_ICM_UTC2";"Buy";"7558.2";"7640.7";"2019.04.08 17:15:00";"2019.04.12 15:15:00";"30.0";"1742.52";"7475.70020";"7640.70020";"-60476.05";"0.00";"IST";"PT";"3d 22h 0m";"-732.48"
"487";"USTEC_ICM_UTC2";"Buy";"7625.8";"7620.0";"2019.04.12 21:15:00";"2019.04.12 22:55:00";"30.0";"-174.00";"7543.29980";"7708.29980";"-60650.05";"0.00";"IST";"End Of Friday (Time)";"1h 40m";"-0.00"
"488";"USTEC_ICM_UTC2";"Buy";"7592.9";"7675.4";"2019.04.15 17:30:00";"2019.04.17 04:59:00";"30.0";"2108.76";"7510.39990";"7675.39990";"-58541.30";"0.00";"IST";"PT";"1d 11h 29m";"-366.24"
"489";"USTEC_ICM_UTC2";"Buy";"7704.6";"7787.1";"2019.04.17 16:30:00";"2019.04.23 18:24:00";"30.0";"1376.28";"7622.10010";"7787.10010";"-57165.02";"0.00";"IST";"PT";"6d 1h 54m";"-1098.72"
"490";"USTEC_ICM_UTC2";"Buy";"7789.6";"7812.9";"2019.04.23 18:30:00";"2019.04.26 22:55:00";"30.0";"149.64";"7707.10010";"7872.10010";"-57015.38";"0.00";"IST";"End Of Friday (Time)";"3d 4h 25m";"-549.36"
"491";"USTEC_ICM_UTC2";"Buy";"7832.6";"7750.1";"2019.04.29 17:30:00";"2019.04.30 18:01:00";"30.0";"-2658.12";"7750.10010";"7915.10010";"-59673.50";"0.00";"IST";"SL";"1d 0h 31m";"-183.12"
"492";"USTEC_ICM_UTC2";"Buy";"7762.7";"7845.2";"2019.04.30 20:30:00";"2019.05.01 18:40:00";"30.0";"2291.88";"7680.20020";"7845.20020";"-57381.62";"0.00";"IST";"PT";"22h 10m";"-183.12"
"493";"USTEC_ICM_UTC2";"Buy";"7843.2";"7760.7";"2019.05.01 19:00:00";"2019.05.01 22:52:00";"30.0";"-2475.00";"7760.70020";"7925.70020";"-59856.62";"0.00";"IST";"SL";"3h 52m";"-0.00"
"494";"USTEC_ICM_UTC2";"Buy";"7754.6";"7672.1";"2019.05.02 18:00:00";"2019.05.02 18:56:00";"30.0";"-2475.00";"7672.10010";"7837.10010";"-62331.62";"0.00";"IST";"SL";"56m 0s";"-0.00"
"495";"USTEC_ICM_UTC2";"Buy";"7791.5";"7845.1";"2019.05.03 17:00:00";"2019.05.03 22:55:00";"30.0";"1608.00";"7709.00000";"7874.00000";"-60723.62";"0.00";"IST";"End Of Friday (Time)";"5h 55m";"-0.00"
"496";"USTEC_ICM_UTC2";"Buy";"7763.5";"7681.0";"2019.05.06 18:00:00";"2019.05.07 17:02:00";"30.0";"-2658.12";"7681.00000";"7846.00000";"-63381.73";"0.00";"IST";"SL";"23h 2m";"-183.12"
"497";"USTEC_ICM_UTC2";"Buy";"7611.1";"7528.6";"2019.05.07 20:30:00";"2019.05.09 16:07:00";"30.0";"-2841.24";"7528.60010";"7693.60010";"-66222.98";"0.00";"IST";"SL";"1d 19h 37m";"-366.24"
"498";"USTEC_ICM_UTC2";"Buy";"7571.8";"7489.3";"2019.05.09 20:30:00";"2019.05.10 17:32:00";"30.0";"-2658.12";"7489.29980";"7654.29980";"-68881.09";"0.00";"IST";"SL";"21h 2m";"-183.12"
"499";"USTEC_ICM_UTC2";"Buy";"7555.6";"7576.2";"2019.05.10 21:15:00";"2019.05.10 22:55:00";"30.0";"618.00";"7473.10010";"7638.10010";"-68263.09";"0.00";"IST";"End Of Friday (Time)";"1h 40m";"-0.00"
"500";"USTEC_ICM_UTC2";"Buy";"7343.7";"7426.2";"2019.05.13 18:30:00";"2019.05.14 18:25:00";"30.0";"2291.88";"7261.20020";"7426.20020";"-65971.22";"0.00";"IST";"PT";"23h 55m";"-183.12"
"501";"USTEC_ICM_UTC2";"Buy";"7416.9";"7499.4";"2019.05.14 18:30:00";"2019.05.15 18:30:00";"30.0";"2291.88";"7334.39990";"7499.39990";"-63679.34";"0.00";"IST";"PT";"1d 0h 0m";"-183.12"
"502";"USTEC_ICM_UTC2";"Buy";"7491.9";"7574.4";"2019.05.15 18:45:00";"2019.05.16 17:17:00";"30.0";"2291.88";"7409.39990";"7574.39990";"-61387.46";"0.00";"IST";"PT";"22h 32m";"-183.12"
"503";"USTEC_ICM_UTC2";"Buy";"7601.7";"7519.2";"2019.05.16 18:15:00";"2019.05.17 14:51:00";"30.0";"-2658.12";"7519.20020";"7684.20020";"-64045.58";"0.00";"IST";"SL";"20h 36m";"-183.12"
"504";"USTEC_ICM_UTC2";"Buy";"7564.3";"7504.6";"2019.05.17 17:45:00";"2019.05.17 22:55:00";"30.0";"-1791.00";"7481.79980";"7646.79980";"-65836.58";"0.00";"IST";"End Of Friday (Time)";"5h 10m";"-0.00"
"505";"USTEC_ICM_UTC2";"Buy";"7381.2";"7463.7";"2019.05.20 17:15:00";"2019.05.21 17:54:00";"30.0";"2291.88";"7298.70020";"7463.70020";"-63544.70";"0.00";"IST";"PT";"1d 0h 39m";"-183.12"
"506";"USTEC_ICM_UTC2";"Buy";"7458.8";"7376.3";"2019.05.21 18:30:00";"2019.05.23 04:11:00";"30.0";"-2841.24";"7376.29980";"7541.29980";"-66385.94";"0.00";"IST";"SL";"1d 9h 41m";"-366.24"
"507";"USTEC_ICM_UTC2";"Buy";"7302.7";"7300.3";"2019.05.23 18:45:00";"2019.05.24 22:55:00";"30.0";"-255.12";"7220.20020";"7385.20020";"-66641.05";"0.00";"IST";"End Of Friday (Time)";"1d 4h 10m";"-183.12"
"508";"USTEC_ICM_UTC2";"Buy";"7306.0";"7223.5";"2019.05.27 16:30:00";"2019.05.29 09:21:00";"30.0";"-2841.24";"7223.50000";"7388.50000";"-69482.30";"0.00";"IST";"SL";"1d 16h 51m";"-366.24"
"509";"USTEC_ICM_UTC2";"Buy";"7236.7";"7154.2";"2019.05.29 17:15:00";"2019.05.31 10:49:00";"30.0";"-2841.24";"7154.20020";"7319.20020";"-72323.54";"0.00";"IST";"SL";"1d 17h 34m";"-366.24"
"510";"USTEC_ICM_UTC2";"Buy";"7138.7";"7134.0";"2019.05.31 16:45:00";"2019.05.31 22:55:00";"30.0";"-141.00";"7056.20020";"7221.20020";"-72464.54";"0.00";"IST";"End Of Friday (Time)";"6h 10m";"-0.00"
"511";"USTEC_ICM_UTC2";"Buy";"7098.8";"7016.3";"2019.06.03 16:45:00";"2019.06.03 19:21:00";"30.0";"-2475.00";"7016.29980";"7181.29980";"-74939.54";"0.00";"IST";"SL";"2h 36m";"-0.00"
"512";"USTEC_ICM_UTC2";"Buy";"7047.3";"7129.8";"2019.06.04 16:30:00";"2019.06.04 18:34:00";"30.0";"2475.00";"6964.79980";"7129.79980";"-72464.54";"0.00";"IST";"PT";"2h 4m";"-0.00"
"513";"USTEC_ICM_UTC2";"Buy";"7184.8";"7267.3";"2019.06.05 17:15:00";"2019.06.06 21:45:00";"30.0";"2291.88";"7102.29980";"7267.29980";"-70172.66";"0.00";"IST";"PT";"1d 4h 30m";"-183.12"
"514";"USTEC_ICM_UTC2";"Buy";"7278.4";"7360.9";"2019.06.06 22:30:00";"2019.06.07 16:42:00";"30.0";"2291.88";"7195.89990";"7360.89990";"-67880.77";"0.00";"IST";"PT";"18h 12m";"-183.12"
"515";"USTEC_ICM_UTC2";"Buy";"7392.1";"7412.9";"2019.06.07 17:30:00";"2019.06.07 22:55:00";"30.0";"624.00";"7309.60010";"7474.60010";"-67256.77";"0.00";"IST";"End Of Friday (Time)";"5h 25m";"-0.00"
"516";"USTEC_ICM_UTC2";"Buy";"7531.4";"7448.9";"2019.06.10 17:30:00";"2019.06.13 05:07:00";"30.0";"-3024.36";"7448.89990";"7613.89990";"-70281.14";"0.00";"IST";"SL";"2d 11h 37m";"-549.36"
"517";"USTEC_ICM_UTC2";"Buy";"7503.6";"7489.0";"2019.06.13 18:30:00";"2019.06.14 22:55:00";"30.0";"-621.12";"7421.10010";"7586.10010";"-70902.26";"0.00";"IST";"End Of Friday (Time)";"1d 4h 25m";"-183.12"
"518";"USTEC_ICM_UTC2";"Buy";"7542.9";"7625.4";"2019.06.17 18:00:00";"2019.06.18 16:40:00";"30.0";"2291.88";"7460.39990";"7625.39990";"-68610.38";"0.00";"IST";"PT";"22h 40m";"-183.12"
"519";"USTEC_ICM_UTC2";"Buy";"7686.1";"7603.6";"2019.06.18 18:00:00";"2019.06.19 21:00:00";"30.0";"-2658.12";"7603.60010";"7768.60010";"-71268.50";"0.00";"IST";"SL";"1d 3h 0m";"-183.12"
"520";"USTEC_ICM_UTC2";"Buy";"7771.0";"7688.5";"2019.06.20 16:30:00";"2019.06.20 19:16:00";"30.0";"-2475.00";"7688.50000";"7853.50000";"-73743.50";"0.00";"IST";"SL";"2h 46m";"-0.00"
"521";"USTEC_ICM_UTC2";"Buy";"7744.8";"7731.3";"2019.06.21 18:00:00";"2019.06.21 22:55:00";"30.0";"-405.00";"7662.29980";"7827.29980";"-74148.50";"0.00";"IST";"End Of Friday (Time)";"4h 55m";"-0.00"
"522";"USTEC_ICM_UTC2";"Buy";"7736.5";"7654.0";"2019.06.24 16:45:00";"2019.06.25 17:56:00";"30.0";"-2658.12";"7654.00000";"7819.00000";"-76806.62";"0.00";"IST";"SL";"1d 1h 11m";"-183.12"
"523";"USTEC_ICM_UTC2";"Buy";"7633.4";"7649.8";"2019.06.25 20:00:00";"2019.06.28 22:55:00";"30.0";"-57.36";"7550.89990";"7715.89990";"-76863.98";"0.00";"IST";"End Of Friday (Time)";"3d 2h 55m";"-549.36"
"524";"USTEC_ICM_UTC2";"Buy";"7812.1";"7834.8";"2019.07.01 16:30:00";"2019.07.05 22:55:00";"30.0";"-51.48";"7729.60010";"7894.60010";"-76915.46";"0.00";"IST";"End Of Friday (Time)";"4d 6h 25m";"-732.48"
"525";"USTEC_ICM_UTC2";"Buy";"7792.4";"7874.9";"2019.07.08 16:30:00";"2019.07.10 15:50:00";"30.0";"2108.76";"7709.89990";"7874.89990";"-74806.70";"0.00";"IST";"PT";"1d 23h 20m";"-366.24"
"526";"USTEC_ICM_UTC2";"Buy";"7872.5";"7938.2";"2019.07.10 16:30:00";"2019.07.12 22:55:00";"30.0";"1604.76";"7790.00000";"7955.00000";"-73201.94";"0.00";"IST";"End Of Friday (Time)";"2d 6h 25m";"-366.24"
"527";"USTEC_ICM_UTC2";"Buy";"7948.0";"7865.5";"2019.07.15 19:15:00";"2019.07.17 23:08:00";"30.0";"-2841.24";"7865.50000";"8030.50000";"-76043.18";"0.00";"IST";"SL";"2d 3h 53m";"-366.24"
"528";"USTEC_ICM_UTC2";"Buy";"7850.7";"7933.2";"2019.07.18 16:30:00";"2019.07.19 01:00:00";"30.0";"2291.88";"7768.20020";"7933.20020";"-73751.30";"0.00";"IST";"PT";"8h 30m";"-183.12"
"529";"USTEC_ICM_UTC2";"Buy";"7909.0";"7846.7";"2019.07.19 19:15:00";"2019.07.19 22:55:00";"30.0";"-1869.00";"7826.50000";"7991.50000";"-75620.30";"0.00";"IST";"End Of Friday (Time)";"3h 40m";"-0.00"
"530";"USTEC_ICM_UTC2";"Buy";"7861.0";"7943.5";"2019.07.22 16:30:00";"2019.07.23 15:37:00";"30.0";"2291.88";"7778.50000";"7943.50000";"-73328.41";"0.00";"IST";"PT";"23h 7m";"-183.12"
"531";"USTEC_ICM_UTC2";"Buy";"7944.9";"8027.4";"2019.07.23 16:30:00";"2019.07.24 23:05:00";"30.0";"2291.88";"7862.39990";"8027.39990";"-71036.54";"0.00";"IST";"PT";"1d 6h 35m";"-183.12"
"532";"USTEC_ICM_UTC2";"Buy";"7944.9";"8022.1";"2019.07.25 21:30:00";"2019.07.26 22:55:00";"30.0";"2132.88";"7862.39990";"8027.39990";"-68903.66";"0.00";"IST";"End Of Friday (Time)";"1d 1h 25m";"-183.12"
"533";"USTEC_ICM_UTC2";"Buy";"7976.0";"7893.5";"2019.07.29 16:45:00";"2019.07.31 21:43:00";"30.0";"-2841.24";"7893.50000";"8058.50000";"-71744.90";"0.00";"IST";"SL";"2d 4h 58m";"-366.24"
"534";"USTEC_ICM_UTC2";"Buy";"7968.6";"7886.1";"2019.08.01 17:45:00";"2019.08.01 20:35:00";"30.0";"-2475.00";"7886.10010";"8051.10010";"-74219.90";"0.00";"IST";"SL";"2h 50m";"-0.00"
"535";"USTEC_ICM_UTC2";"Buy";"7719.3";"7679.5";"2019.08.02 17:00:00";"2019.08.02 22:55:00";"30.0";"-1194.00";"7636.79980";"7801.79980";"-75413.90";"0.00";"IST";"End Of Friday (Time)";"5h 55m";"-0.00"
"536";"USTEC_ICM_UTC2";"Buy";"7499.3";"7416.8";"2019.08.05 18:15:00";"2019.08.05 19:58:00";"30.0";"-2475.00";"7416.79980";"7581.79980";"-77888.90";"0.00";"IST";"SL";"1h 43m";"-0.00"
"537";"USTEC_ICM_UTC2";"Buy";"7476.7";"7559.2";"2019.08.06 17:30:00";"2019.08.07 12:44:00";"30.0";"2291.88";"7394.20020";"7559.20020";"-75597.02";"0.00";"IST";"PT";"19h 14m";"-183.12"
"538";"USTEC_ICM_UTC2";"Buy";"7473.9";"7556.4";"2019.08.07 19:00:00";"2019.08.07 21:59:00";"30.0";"2475.00";"7391.39990";"7556.39990";"-73122.02";"0.00";"IST";"PT";"2h 59m";"-0.00"
"539";"USTEC_ICM_UTC2";"Buy";"7614.8";"7697.3";"2019.08.08 17:00:00";"2019.08.08 20:02:00";"30.0";"2475.00";"7532.29980";"7697.29980";"-70647.02";"0.00";"IST";"PT";"3h 2m";"-0.00"
"540";"USTEC_ICM_UTC2";"Buy";"7668.1";"7659.1";"2019.08.09 17:00:00";"2019.08.09 22:55:00";"30.0";"-270.00";"7585.60010";"7750.60010";"-70917.02";"0.00";"IST";"End Of Friday (Time)";"5h 55m";"-0.00"
"541";"USTEC_ICM_UTC2";"Buy";"7588.9";"7506.4";"2019.08.12 17:15:00";"2019.08.13 12:34:00";"30.0";"-2658.12";"7506.39990";"7671.39990";"-73575.14";"0.00";"IST";"SL";"19h 19m";"-183.12"
"542";"USTEC_ICM_UTC2";"Buy";"7770.0";"7687.5";"2019.08.13 17:30:00";"2019.08.13 18:26:00";"30.0";"-2475.00";"7687.50000";"7852.50000";"-76050.14";"0.00";"IST";"SL";"56m 0s";"-0.00"
"543";"USTEC_ICM_UTC2";"Buy";"7519.4";"7436.9";"2019.08.14 20:30:00";"2019.08.15 12:48:00";"30.0";"-2658.12";"7436.89990";"7601.89990";"-78708.26";"0.00";"IST";"SL";"16h 18m";"-183.12"
"544";"USTEC_ICM_UTC2";"Buy";"7482.9";"7565.4";"2019.08.15 16:45:00";"2019.08.16 11:34:00";"30.0";"2291.88";"7400.39990";"7565.39990";"-76416.38";"0.00";"IST";"PT";"18h 49m";"-183.12"
"545";"USTEC_ICM_UTC2";"Buy";"7590.3";"7609.9";"2019.08.16 18:45:00";"2019.08.16 22:55:00";"30.0";"588.00";"7507.79980";"7672.79980";"-75828.38";"0.00";"IST";"End Of Friday (Time)";"4h 10m";"-0.00"
"546";"USTEC_ICM_UTC2";"Buy";"7728.3";"7644.3";"2019.08.19 16:45:00";"2019.08.21 01:00:00";"30.0";"-2887.17";"7645.79980";"7810.79980";"-78715.55";"0.00";"IST";"SL";"1d 8h 15m";"-366.24"
"547";"USTEC_ICM_UTC2";"Buy";"7749.0";"7666.5";"2019.08.21 17:00:00";"2019.08.22 17:33:00";"30.0";"-2658.12";"7666.50000";"7831.50000";"-81373.67";"0.00";"IST";"SL";"1d 0h 33m";"-183.12"
"548";"USTEC_ICM_UTC2";"Buy";"7658.5";"7741.0";"2019.08.22 17:45:00";"2019.08.23 06:05:00";"30.0";"2291.88";"7576.00000";"7741.00000";"-79081.79";"0.00";"IST";"PT";"12h 20m";"-183.12"
"549";"USTEC_ICM_UTC2";"Buy";"7660.2";"7577.7";"2019.08.23 16:45:00";"2019.08.23 18:09:00";"30.0";"-2475.00";"7577.70020";"7742.70020";"-81556.79";"0.00";"IST";"SL";"1h 24m";"-0.00"
"550";"USTEC_ICM_UTC2";"Buy";"7532.8";"7615.3";"2019.08.26 16:45:00";"2019.08.27 15:26:00";"30.0";"2291.88";"7450.29980";"7615.29980";"-79264.91";"0.00";"IST";"PT";"22h 41m";"-183.12"
"551";"USTEC_ICM_UTC2";"Buy";"7621.3";"7538.8";"2019.08.27 16:45:00";"2019.08.27 19:53:00";"30.0";"-2475.00";"7538.79980";"7703.79980";"-81739.91";"0.00";"IST";"SL";"3h 8m";"-0.00"
"552";"USTEC_ICM_UTC2";"Buy";"7544.2";"7626.7";"2019.08.28 17:00:00";"2019.08.29 10:13:00";"30.0";"2291.88";"7461.70020";"7626.70020";"-79448.03";"0.00";"IST";"PT";"17h 13m";"-183.12"
"553";"USTEC_ICM_UTC2";"Buy";"7700.8";"7675.8";"2019.08.29 17:30:00";"2019.08.30 22:55:00";"30.0";"-933.12";"7618.29980";"7783.29980";"-80381.15";"0.00";"IST";"End Of Friday (Time)";"1d 5h 25m";"-183.12"
"554";"USTEC_ICM_UTC2";"Buy";"7616.6";"7699.1";"2019.09.02 19:30:00";"2019.09.04 09:11:00";"30.0";"2108.76";"7534.10010";"7699.10010";"-78272.39";"0.00";"IST";"PT";"1d 13h 41m";"-366.24"
"555";"USTEC_ICM_UTC2";"Buy";"7697.3";"7779.8";"2019.09.04 19:45:00";"2019.09.05 04:31:00";"30.0";"2291.88";"7614.79980";"7779.79980";"-75980.51";"0.00";"IST";"PT";"8h 46m";"-183.12"
"556";"USTEC_ICM_UTC2";"Buy";"7800.9";"7883.4";"2019.09.05 16:30:00";"2019.09.06 12:24:00";"30.0";"2291.88";"7718.39990";"7883.39990";"-73688.63";"0.00";"IST";"PT";"19h 54m";"-183.12"
"557";"USTEC_ICM_UTC2";"Buy";"7846.6";"7852.9";"2019.09.06 17:00:00";"2019.09.06 22:55:00";"30.0";"189.00";"7764.10010";"7929.10010";"-73499.63";"0.00";"IST";"End Of Friday (Time)";"5h 55m";"-0.00"
"558";"USTEC_ICM_UTC2";"Buy";"7875.8";"7793.3";"2019.09.09 16:30:00";"2019.09.10 10:40:00";"30.0";"-2658.12";"7793.29980";"7958.29980";"-76157.75";"0.00";"IST";"SL";"18h 10m";"-183.12"
"559";"USTEC_ICM_UTC2";"Buy";"7755.5";"7838.0";"2019.09.10 16:45:00";"2019.09.11 07:05:00";"30.0";"2291.88";"7673.00000";"7838.00000";"-73865.87";"0.00";"IST";"PT";"14h 20m";"-183.12"
"560";"USTEC_ICM_UTC2";"Buy";"7858.9";"7941.4";"2019.09.11 18:00:00";"2019.09.12 02:25:00";"30.0";"2291.88";"7776.39990";"7941.39990";"-71573.99";"0.00";"IST";"PT";"8h 25m";"-183.12"
"561";"USTEC_ICM_UTC2";"Buy";"7922.9";"7895.0";"2019.09.12 16:45:00";"2019.09.13 22:55:00";"30.0";"-1020.12";"7840.39990";"8005.39990";"-72594.11";"0.00";"IST";"End Of Friday (Time)";"1d 6h 10m";"-183.12"
"562";"USTEC_ICM_UTC2";"Buy";"7852.4";"7934.9";"2019.09.16 17:45:00";"2019.09.19 16:37:00";"30.0";"1925.64";"7769.89990";"7934.89990";"-70668.47";"0.00";"IST";"PT";"2d 22h 52m";"-549.36"
"563";"USTEC_ICM_UTC2";"Buy";"7935.3";"7852.8";"2019.09.19 16:45:00";"2019.09.20 20:13:00";"30.0";"-2658.12";"7852.79980";"8017.79980";"-73326.59";"0.00";"IST";"SL";"1d 3h 28m";"-183.12"
"564";"USTEC_ICM_UTC2";"Buy";"7835.4";"7829.9";"2019.09.20 22:30:00";"2019.09.20 22:55:00";"30.0";"-165.00";"7752.89990";"7917.89990";"-73491.59";"0.00";"IST";"End Of Friday (Time)";"25m 0s";"-0.00"
"565";"USTEC_ICM_UTC2";"Buy";"7815.5";"7733.0";"2019.09.23 17:00:00";"2019.09.24 19:23:00";"30.0";"-2658.12";"7733.00000";"7898.00000";"-76149.71";"0.00";"IST";"SL";"1d 2h 23m";"-183.12"
"566";"USTEC_ICM_UTC2";"Buy";"7697.1";"7779.6";"2019.09.24 20:00:00";"2019.09.25 21:40:00";"30.0";"2291.88";"7614.60010";"7779.60010";"-73857.83";"0.00";"IST";"PT";"1d 1h 40m";"-183.12"
"567";"USTEC_ICM_UTC2";"Buy";"7795.1";"7712.6";"2019.09.25 22:00:00";"2019.09.27 18:38:00";"30.0";"-2841.24";"7712.60010";"7877.60010";"-76699.07";"0.00";"IST";"SL";"1d 20h 38m";"-366.24"
"568";"USTEC_ICM_UTC2";"Buy";"7741.3";"7658.8";"2019.09.27 19:00:00";"2019.09.27 21:12:00";"30.0";"-2475.00";"7658.79980";"7823.79980";"-79174.07";"0.00";"IST";"SL";"2h 12m";"-0.00"
"569";"USTEC_ICM_UTC2";"Buy";"7723.6";"7806.1";"2019.09.30 18:00:00";"2019.10.01 16:36:00";"30.0";"2291.88";"7641.10010";"7806.10010";"-76882.19";"0.00";"IST";"PT";"22h 36m";"-183.12"
"570";"USTEC_ICM_UTC2";"Buy";"7682.6";"7600.1";"2019.10.01 20:45:00";"2019.10.02 16:38:00";"30.0";"-2658.12";"7600.10010";"7765.10010";"-79540.31";"0.00";"IST";"SL";"19h 53m";"-183.12"
"571";"USTEC_ICM_UTC2";"Buy";"7531.1";"7613.6";"2019.10.02 21:15:00";"2019.10.03 19:39:00";"30.0";"2291.88";"7448.60010";"7613.60010";"-77248.43";"0.00";"IST";"PT";"22h 24m";"-183.12"
"572";"USTEC_ICM_UTC2";"Buy";"7617.6";"7700.1";"2019.10.03 20:15:00";"2019.10.04 16:58:00";"30.0";"2291.88";"7535.10010";"7700.10010";"-74956.55";"0.00";"IST";"PT";"20h 43m";"-183.12"
"573";"USTEC_ICM_UTC2";"Buy";"7705.3";"7754.1";"2019.10.04 17:00:00";"2019.10.04 22:55:00";"30.0";"1464.00";"7622.79980";"7787.79980";"-73492.55";"0.00";"IST";"End Of Friday (Time)";"5h 55m";"-0.00"
"574";"USTEC_ICM_UTC2";"Buy";"7762.6";"7680.1";"2019.10.07 18:15:00";"2019.10.08 13:18:00";"30.0";"-2658.12";"7680.10010";"7845.10010";"-76150.67";"0.00";"IST";"SL";"19h 3m";"-183.12"
"575";"USTEC_ICM_UTC2";"Buy";"7633.2";"7715.7";"2019.10.08 17:00:00";"2019.10.09 22:02:00";"30.0";"2291.88";"7550.70020";"7715.70020";"-73858.79";"0.00";"IST";"PT";"1d 5h 2m";"-183.12"
"576";"USTEC_ICM_UTC2";"Buy";"7691.4";"7608.9";"2019.10.09 22:45:00";"2019.10.10 01:20:00";"30.0";"-2658.12";"7608.89990";"7773.89990";"-76516.91";"0.00";"IST";"SL";"2h 35m";"-183.12"
"577";"USTEC_ICM_UTC2";"Buy";"7684.8";"7767.3";"2019.10.10 16:30:00";"2019.10.10 18:05:00";"30.0";"2475.00";"7602.29980";"7767.29980";"-74041.91";"0.00";"IST";"PT";"1h 35m";"-0.00"
"578";"USTEC_ICM_UTC2";"Buy";"7881.2";"7853.3";"2019.10.11 17:30:00";"2019.10.11 22:55:00";"30.0";"-837.00";"7798.70020";"7963.70020";"-74878.91";"0.00";"IST";"End Of Friday (Time)";"5h 25m";"-0.00"
"579";"USTEC_ICM_UTC2";"Buy";"7865.2";"7947.7";"2019.10.14 18:00:00";"2019.10.15 20:21:00";"30.0";"2291.88";"7782.70020";"7947.70020";"-72587.03";"0.00";"IST";"PT";"1d 2h 21m";"-183.12"
"580";"USTEC_ICM_UTC2";"Buy";"7957.2";"7874.7";"2019.10.15 21:45:00";"2019.10.18 18:50:00";"30.0";"-3024.36";"7874.70020";"8039.70020";"-75611.39";"0.00";"IST";"SL";"2d 21h 5m";"-549.36"
"581";"USTEC_ICM_UTC2";"Buy";"7861.9";"7886.0";"2019.10.18 19:15:00";"2019.10.18 22:55:00";"30.0";"723.00";"7779.39990";"7944.39990";"-74888.39";"0.00";"IST";"End Of Friday (Time)";"3h 40m";"-0.00"
"582";"USTEC_ICM_UTC2";"Buy";"7905.5";"7823.0";"2019.10.21 16:30:00";"2019.10.23 03:01:00";"30.0";"-2841.24";"7823.00000";"7988.00000";"-77729.63";"0.00";"IST";"SL";"1d 10h 31m";"-366.24"
"583";"USTEC_ICM_UTC2";"Buy";"7853.9";"7936.4";"2019.10.23 16:30:00";"2019.10.24 14:22:00";"30.0";"2291.88";"7771.39990";"7936.39990";"-75437.75";"0.00";"IST";"PT";"21h 52m";"-183.12"
"584";"USTEC_ICM_UTC2";"Buy";"7921.3";"8003.8";"2019.10.24 17:15:00";"2019.10.25 18:08:00";"30.0";"2291.88";"7838.79980";"8003.79980";"-73145.87";"0.00";"IST";"PT";"1d 0h 53m";"-183.12"
"585";"USTEC_ICM_UTC2";"Buy";"8011.3";"8022.3";"2019.10.25 18:15:00";"2019.10.25 22:55:00";"30.0";"330.00";"7928.79980";"8093.79980";"-72815.87";"0.00";"IST";"End Of Friday (Time)";"4h 40m";"-0.00"
"586";"USTEC_ICM_UTC2";"Buy";"8095.5";"8013.0";"2019.10.28 16:30:00";"2019.10.30 16:04:00";"30.0";"-2841.24";"8013.00000";"8178.00000";"-75657.11";"0.00";"IST";"SL";"1d 23h 34m";"-366.24"
"587";"USTEC_ICM_UTC2";"Buy";"8034.9";"8122.4";"2019.10.30 17:45:00";"2019.10.31 00:00:00";"30.0";"2440.68";"7952.39990";"8117.39990";"-73216.43";"0.00";"IST";"PT";"6h 15m";"-183.12"
"588";"USTEC_ICM_UTC2";"Buy";"8073.2";"8155.7";"2019.10.31 18:00:00";"2019.11.01 16:06:00";"30.0";"2291.88";"7990.70020";"8155.70020";"-70924.55";"0.00";"IST";"PT";"22h 6m";"-183.12"
"589";"USTEC_ICM_UTC2";"Buy";"8143.9";"8226.4";"2019.11.01 17:00:00";"2019.11.04 16:41:00";"30.0";"1925.64";"8061.39990";"8226.40039";"-68998.91";"0.00";"IST";"PT";"2d 23h 41m";"-549.36"
"590";"USTEC_ICM_UTC2";"Buy";"8219.8";"8248.4";"2019.11.04 16:45:00";"2019.11.08 22:55:00";"30.0";"125.55";"8137.29980";"8302.29980";"-68873.36";"0.00";"IST";"End Of Friday (Time)";"4d 6h 10m";"-732.48"
"591";"USTEC_ICM_UTC2";"Buy";"8202.9";"8285.4";"2019.11.11 16:45:00";"2019.11.12 17:41:00";"30.0";"2291.88";"8120.39990";"8285.40039";"-66581.48";"0.00";"IST";"PT";"1d 0h 56m";"-183.12"
"592";"USTEC_ICM_UTC2";"Buy";"8284.8";"8307.9";"2019.11.12 18:15:00";"2019.11.15 22:55:00";"30.0";"143.67";"8202.29980";"8367.29980";"-66437.81";"0.00";"IST";"End Of Friday (Time)";"3d 4h 40m";"-549.36"
"593";"USTEC_ICM_UTC2";"Buy";"8303.3";"8264.7";"2019.11.18 18:00:00";"2019.11.22 22:55:00";"30.0";"-1890.48";"8220.79980";"8385.79980";"-68328.29";"0.00";"IST";"End Of Friday (Time)";"4d 4h 55m";"-732.48"
"594";"USTEC_ICM_UTC2";"Buy";"8338.0";"8420.5";"2019.11.25 16:45:00";"2019.11.27 11:54:00";"30.0";"2108.76";"8255.50000";"8420.50000";"-66219.53";"0.00";"IST";"PT";"1d 19h 9m";"-366.24"
"595";"USTEC_ICM_UTC2";"Buy";"8423.1";"8340.6";"2019.11.27 18:15:00";"2019.12.02 16:59:00";"30.0";"-3390.60";"8340.59961";"8505.59961";"-69610.13";"0.00";"IST";"SL";"4d 22h 44m";"-915.60"
"596";"USTEC_ICM_UTC2";"Buy";"8295.0";"8212.5";"2019.12.02 20:00:00";"2019.12.03 16:04:00";"30.0";"-2658.12";"8212.50000";"8377.50000";"-72268.25";"0.00";"IST";"SL";"20h 4m";"-183.12"
"597";"USTEC_ICM_UTC2";"Buy";"8192.9";"8275.4";"2019.12.03 18:30:00";"2019.12.04 11:08:00";"30.0";"2291.88";"8110.39990";"8275.40039";"-69976.37";"0.00";"IST";"PT";"16h 38m";"-183.12"
"598";"USTEC_ICM_UTC2";"Buy";"8309.6";"8392.1";"2019.12.04 17:00:00";"2019.12.06 18:38:00";"30.0";"2108.76";"8227.09961";"8392.09961";"-67867.61";"0.00";"IST";"PT";"2d 1h 38m";"-366.24"
"599";"USTEC_ICM_UTC2";"Buy";"8390.8";"8396.3";"2019.12.06 19:15:00";"2019.12.06 22:55:00";"30.0";"165.00";"8308.29980";"8473.29980";"-67702.61";"0.00";"IST";"End Of Friday (Time)";"3h 40m";"-0.00"
"600";"USTEC_ICM_UTC2";"Buy";"8407.5";"8325.0";"2019.12.09 17:45:00";"2019.12.10 10:52:00";"30.0";"-2658.12";"8325.00000";"8490.00000";"-70360.73";"0.00";"IST";"SL";"17h 7m";"-183.12"
"601";"USTEC_ICM_UTC2";"Buy";"8364.1";"8446.6";"2019.12.10 16:30:00";"2019.12.12 16:39:00";"30.0";"2108.76";"8281.59961";"8446.59961";"-68251.97";"0.00";"IST";"PT";"2d 0h 9m";"-366.24"
"602";"USTEC_ICM_UTC2";"Buy";"8459.8";"8486.2";"2019.12.12 17:00:00";"2019.12.13 22:55:00";"30.0";"608.88";"8377.29980";"8542.29980";"-67643.09";"0.00";"IST";"End Of Friday (Time)";"1d 5h 55m";"-183.12"
"603";"USTEC_ICM_UTC2";"Buy";"8567.5";"8650.0";"2019.12.16 17:00:00";"2019.12.20 13:13:00";"30.0";"1742.52";"8485.00000";"8650.00000";"-65900.57";"0.00";"IST";"PT";"3d 20h 13m";"-732.48"
"604";"USTEC_ICM_UTC2";"Buy";"8663.8";"8679.3";"2019.12.20 17:15:00";"2019.12.20 22:55:00";"30.0";"465.00";"8581.29980";"8746.29980";"-65435.57";"0.00";"IST";"End Of Friday (Time)";"5h 40m";"-0.00"
"605";"USTEC_ICM_UTC2";"Buy";"8704.1";"8786.6";"2019.12.23 16:30:00";"2019.12.27 02:31:00";"30.0";"1742.52";"8621.59961";"8786.59961";"-63693.05";"0.00";"IST";"PT";"3d 10h 1m";"-732.48"
"606";"USTEC_ICM_UTC2";"Buy";"8806.4";"8762.6";"2019.12.27 16:30:00";"2019.12.27 22:55:00";"30.0";"-1314.03";"8723.90039";"8888.90039";"-65007.08";"0.00";"IST";"End Of Friday (Time)";"6h 25m";"-0.00"
"607";"USTEC_ICM_UTC2";"Buy";"8725.3";"8807.8";"2019.12.30 20:45:00";"2020.01.02 16:33:00";"30.0";"1925.64";"8642.79980";"8807.79980";"-63081.44";"0.00";"IST";"PT";"2d 19h 48m";"-549.36"
"608";"USTEC_ICM_UTC2";"Buy";"8821.9";"8739.4";"2020.01.02 16:45:00";"2020.01.03 12:49:00";"30.0";"-2658.12";"8739.40039";"8904.40039";"-65739.56";"0.00";"IST";"SL";"20h 4m";"-183.12"
"609";"USTEC_ICM_UTC2";"Buy";"8753.1";"8835.6";"2020.01.03 16:30:00";"2020.01.03 19:06:00";"30.0";"2475.00";"8670.59961";"8835.59961";"-63264.56";"0.00";"IST";"PT";"2h 36m";"-0.00"
"610";"USTEC_ICM_UTC2";"Buy";"8782.0";"8864.5";"2020.01.06 17:00:00";"2020.01.07 06:25:00";"30.0";"2291.88";"8699.50000";"8864.50000";"-60972.68";"0.00";"IST";"PT";"13h 25m";"-183.12"
"611";"USTEC_ICM_UTC2";"Buy";"8854.8";"8772.3";"2020.01.07 19:00:00";"2020.01.08 01:22:00";"30.0";"-2658.12";"8772.29980";"8937.29980";"-63630.80";"0.00";"IST";"SL";"6h 22m";"-183.12"
"612";"USTEC_ICM_UTC2";"Buy";"8855.6";"8938.1";"2020.01.08 18:00:00";"2020.01.08 22:01:00";"30.0";"2475.00";"8773.09961";"8938.09961";"-61155.80";"0.00";"IST";"PT";"4h 1m";"-0.00"
"613";"USTEC_ICM_UTC2";"Buy";"8983.0";"8966.9";"2020.01.09 16:30:00";"2020.01.10 22:55:00";"30.0";"-666.12";"8900.50000";"9065.50000";"-61821.92";"0.00";"IST";"End Of Friday (Time)";"1d 6h 25m";"-183.12"
"614";"USTEC_ICM_UTC2";"Buy";"9049.6";"9132.1";"2020.01.13 19:15:00";"2020.01.17 01:18:00";"30.0";"1742.52";"8967.09961";"9132.09961";"-60079.40";"0.00";"IST";"PT";"3d 6h 3m";"-732.48"
"615";"USTEC_ICM_UTC2";"Buy";"9135.9";"9171.5";"2020.01.17 16:45:00";"2020.01.17 22:55:00";"30.0";"1068.00";"9053.40039";"9218.40039";"-59011.40";"0.00";"IST";"End Of Friday (Time)";"6h 10m";"-0.00"
"616";"USTEC_ICM_UTC2";"Buy";"9160.0";"9242.5";"2020.01.20 17:00:00";"2020.01.23 23:07:00";"30.0";"1925.64";"9077.50000";"9242.50000";"-57085.76";"0.00";"IST";"PT";"3d 6h 7m";"-549.36"
"617";"USTEC_ICM_UTC2";"Buy";"9147.4";"9146.0";"2020.01.24 20:45:00";"2020.01.24 22:55:00";"30.0";"-42.00";"9064.90039";"9229.90039";"-57127.76";"0.00";"IST";"End Of Friday (Time)";"2h 10m";"-0.00"
"618";"USTEC_ICM_UTC2";"Buy";"8991.6";"9074.1";"2020.01.27 20:30:00";"2020.01.28 18:19:00";"30.0";"2291.88";"8909.09961";"9074.09961";"-54835.88";"0.00";"IST";"PT";"21h 49m";"-183.12"
"619";"USTEC_ICM_UTC2";"Buy";"9076.7";"9159.2";"2020.01.28 18:30:00";"2020.01.30 23:01:00";"30.0";"2108.76";"8994.20020";"9159.20020";"-52727.12";"0.00";"IST";"PT";"2d 4h 31m";"-366.24"
"620";"USTEC_ICM_UTC2";"Buy";"9122.6";"9040.1";"2020.01.31 17:00:00";"2020.01.31 18:13:00";"30.0";"-2475.00";"9040.09961";"9205.09961";"-55202.12";"0.00";"IST";"SL";"1h 13m";"-0.00"
"621";"USTEC_ICM_UTC2";"Buy";"9034.6";"9117.1";"2020.02.03 16:30:00";"2020.02.03 16:57:00";"30.0";"2475.00";"8952.09961";"9117.09961";"-52727.12";"0.00";"IST";"PT";"27m 0s";"-0.00"
"622";"USTEC_ICM_UTC2";"Buy";"9320.1";"9402.6";"2020.02.04 19:00:00";"2020.02.05 10:38:00";"30.0";"2291.88";"9237.59961";"9402.59961";"-50435.24";"0.00";"IST";"PT";"15h 38m";"-183.12"
"623";"USTEC_ICM_UTC2";"Buy";"9361.0";"9443.5";"2020.02.05 19:15:00";"2020.02.06 07:06:00";"30.0";"2291.88";"9278.50000";"9443.50000";"-48143.36";"0.00";"IST";"PT";"11h 51m";"-183.12"
"624";"USTEC_ICM_UTC2";"Buy";"9387.6";"9394.0";"2020.02.06 16:30:00";"2020.02.07 22:55:00";"30.0";"8.88";"9305.09961";"9470.09961";"-48134.48";"0.00";"IST";"End Of Friday (Time)";"1d 6h 25m";"-183.12"
"625";"USTEC_ICM_UTC2";"Buy";"9371.0";"9453.5";"2020.02.10 16:30:00";"2020.02.10 17:30:00";"30.0";"2475.00";"9288.50000";"9453.50000";"-45659.48";"0.00";"IST";"PT";"1h 0m";"-0.00"
"626";"USTEC_ICM_UTC2";"Buy";"9579.6";"9497.1";"2020.02.11 17:15:00";"2020.02.11 22:18:00";"30.0";"-2475.00";"9497.09961";"9662.09961";"-48134.48";"0.00";"IST";"SL";"5h 3m";"-0.00"
"627";"USTEC_ICM_UTC2";"Buy";"9567.9";"9618.1";"2020.02.12 17:30:00";"2020.02.14 22:55:00";"30.0";"1139.73";"9485.40039";"9650.40039";"-46994.75";"0.00";"IST";"End Of Friday (Time)";"2d 5h 25m";"-366.24"
"628";"USTEC_ICM_UTC2";"Buy";"9654.5";"9572.0";"2020.02.17 17:30:00";"2020.02.18 01:08:00";"30.0";"-2658.12";"9572.00000";"9737.00000";"-49652.87";"0.00";"IST";"SL";"7h 38m";"-183.12"
"629";"USTEC_ICM_UTC2";"Buy";"9574.8";"9657.3";"2020.02.18 16:30:00";"2020.02.19 02:01:00";"30.0";"2291.88";"9492.29980";"9657.29980";"-47360.99";"0.00";"IST";"PT";"9h 31m";"-183.12"
"630";"USTEC_ICM_UTC2";"Buy";"9702.1";"9619.6";"2020.02.19 17:00:00";"2020.02.20 18:25:00";"30.0";"-2658.12";"9619.59961";"9784.59961";"-50019.11";"0.00";"IST";"SL";"1d 1h 25m";"-183.12"
"631";"USTEC_ICM_UTC2";"Buy";"9580.1";"9497.6";"2020.02.20 21:00:00";"2020.02.21 16:47:00";"30.0";"-2658.12";"9497.59961";"9662.59961";"-52677.23";"0.00";"IST";"SL";"19h 47m";"-183.12"
"632";"USTEC_ICM_UTC2";"Buy";"9506.0";"9423.5";"2020.02.21 17:00:00";"2020.02.21 20:51:00";"30.0";"-2475.00";"9423.50000";"9588.50000";"-55152.23";"0.00";"IST";"SL";"3h 51m";"-0.00"
"633";"USTEC_ICM_UTC2";"Buy";"9147.4";"9064.9";"2020.02.24 18:00:00";"2020.02.24 19:09:00";"30.0";"-2475.00";"9064.90039";"9229.90039";"-57627.23";"0.00";"IST";"SL";"1h 9m";"-0.00"
"634";"USTEC_ICM_UTC2";"Buy";"8963.4";"8880.9";"2020.02.25 20:00:00";"2020.02.25 21:01:00";"30.0";"-2475.00";"8880.90039";"9045.90039";"-60102.23";"0.00";"IST";"SL";"1h 1m";"-0.00"
"635";"USTEC_ICM_UTC2";"Buy";"8884.0";"8966.5";"2020.02.26 16:30:00";"2020.02.26 16:40:00";"30.0";"2475.00";"8801.50000";"8966.50000";"-57627.23";"0.00";"IST";"PT";"10m 0s";"-0.00"
"636";"USTEC_ICM_UTC2";"Buy";"8694.7";"8777.2";"2020.02.27 19:00:00";"2020.02.27 19:38:00";"30.0";"2475.00";"8612.20020";"8777.20020";"-55152.23";"0.00";"IST";"PT";"38m 0s";"-0.00"
"637";"USTEC_ICM_UTC2";"Buy";"8457.8";"8375.3";"2020.02.28 18:45:00";"2020.02.28 18:48:00";"30.0";"-2475.00";"8375.29980";"8540.29980";"-57627.23";"0.00";"IST";"SL";"3m 0s";"-0.00"
"638";"USTEC_ICM_UTC2";"Buy";"8506.3";"8588.8";"2020.03.02 17:15:00";"2020.03.02 17:53:00";"30.0";"2475.00";"8423.79980";"8588.79980";"-55152.23";"0.00";"IST";"PT";"38m 0s";"-0.00"
"639";"USTEC_ICM_UTC2";"Buy";"8866.9";"8949.4";"2020.03.03 17:15:00";"2020.03.03 17:45:00";"30.0";"2475.00";"8784.40039";"8949.40039";"-52677.23";"0.00";"IST";"PT";"30m 0s";"-0.00"
"640";"USTEC_ICM_UTC2";"Buy";"8741.7";"8824.2";"2020.03.04 18:15:00";"2020.03.04 20:00:00";"30.0";"2475.00";"8659.20020";"8824.20020";"-50202.23";"0.00";"IST";"PT";"1h 45m";"-0.00"
"641";"USTEC_ICM_UTC2";"Buy";"8767.5";"8850.0";"2020.03.05 16:45:00";"2020.03.05 18:13:00";"30.0";"2475.00";"8685.00000";"8850.00000";"-47727.23";"0.00";"IST";"PT";"1h 28m";"-0.00"
"642";"USTEC_ICM_UTC2";"Buy";"8457.6";"8375.1";"2020.03.06 18:15:00";"2020.03.06 21:10:00";"30.0";"-2475.00";"8375.09961";"8540.09961";"-50202.23";"0.00";"IST";"SL";"2h 55m";"-0.00"
"643";"USTEC_ICM_UTC2";"Buy";"8097.0";"8179.5";"2020.03.09 17:15:00";"2020.03.09 17:37:00";"30.0";"2475.00";"8014.50000";"8179.50000";"-47727.23";"0.00";"IST";"PT";"22m 0s";"-0.00"
"644";"USTEC_ICM_UTC2";"Buy";"8082.3";"7999.8";"2020.03.10 17:15:00";"2020.03.10 17:25:00";"30.0";"-2475.00";"7999.79980";"8164.79980";"-50202.23";"0.00";"IST";"SL";"10m 0s";"-0.00"
"645";"USTEC_ICM_UTC2";"Buy";"8120.9";"8038.4";"2020.03.11 17:00:00";"2020.03.11 19:01:00";"30.0";"-2475.00";"8038.39990";"8203.40039";"-52677.23";"0.00";"IST";"SL";"2h 1m";"-0.00"
"646";"USTEC_ICM_UTC2";"Buy";"7427.2";"7344.7";"2020.03.12 17:45:00";"2020.03.12 18:09:00";"30.0";"-2475.00";"7344.70020";"7509.70020";"-55152.23";"0.00";"IST";"SL";"24m 0s";"-0.00"
"647";"USTEC_ICM_UTC2";"Buy";"7515.2";"7432.7";"2020.03.13 17:15:00";"2020.03.13 17:27:00";"30.0";"-2475.00";"7432.70020";"7597.70020";"-57627.23";"0.00";"IST";"SL";"12m 0s";"-0.00"
"648";"USTEC_ICM_UTC2";"Buy";"7465.9";"7383.4";"2020.03.16 18:15:00";"2020.03.16 18:51:00";"30.0";"-2475.00";"7383.39990";"7548.39990";"-60102.23";"0.00";"IST";"SL";"36m 0s";"-0.00"
"649";"USTEC_ICM_UTC2";"Buy";"7423.3";"7505.8";"2020.03.17 18:00:00";"2020.03.17 18:08:00";"30.0";"2475.00";"7340.79980";"7505.79980";"-57627.23";"0.00";"IST";"PT";"8m 0s";"-0.00"
"650";"USTEC_ICM_UTC2";"Buy";"6980.6";"7063.1";"2020.03.18 21:45:00";"2020.03.18 21:51:00";"30.0";"2475.00";"6898.10010";"7063.10010";"-55152.23";"0.00";"IST";"PT";"6m 0s";"-0.00"
"651";"USTEC_ICM_UTC2";"Buy";"7258.6";"7341.1";"2020.03.19 17:00:00";"2020.03.19 17:21:00";"30.0";"2475.00";"7176.10010";"7341.10010";"-52677.23";"0.00";"IST";"PT";"21m 0s";"-0.00"
"652";"USTEC_ICM_UTC2";"Buy";"7273.2";"7190.7";"2020.03.20 20:00:00";"2020.03.20 20:25:00";"30.0";"-2475.00";"7190.70020";"7355.70020";"-55152.23";"0.00";"IST";"SL";"25m 0s";"-0.00"
"653";"USTEC_ICM_UTC2";"Buy";"6926.2";"6843.7";"2020.03.23 17:00:00";"2020.03.23 17:26:00";"30.0";"-2475.00";"6843.70020";"7008.70020";"-57627.23";"0.00";"IST";"SL";"26m 0s";"-0.00"
"654";"USTEC_ICM_UTC2";"Buy";"7419.2";"7501.7";"2020.03.24 17:30:00";"2020.03.24 18:28:00";"30.0";"2475.00";"7336.70020";"7501.70020";"-55152.23";"0.00";"IST";"PT";"58m 0s";"-0.00"
"655";"USTEC_ICM_UTC2";"Buy";"7498.1";"7580.6";"2020.03.25 17:45:00";"2020.03.25 18:15:00";"30.0";"2475.00";"7415.60010";"7580.60010";"-52677.23";"0.00";"IST";"PT";"30m 0s";"-0.00"
"656";"USTEC_ICM_UTC2";"Buy";"7674.0";"7756.5";"2020.03.26 16:30:00";"2020.03.26 17:32:00";"30.0";"2475.00";"7591.50000";"7756.50000";"-50202.23";"0.00";"IST";"PT";"1h 2m";"-0.00"
"657";"USTEC_ICM_UTC2";"Buy";"7620.7";"7703.2";"2020.03.27 18:00:00";"2020.03.27 19:35:00";"30.0";"2475.00";"7538.20020";"7703.20020";"-47727.23";"0.00";"IST";"PT";"1h 35m";"-0.00"
"658";"USTEC_ICM_UTC2";"Buy";"7679.9";"7762.4";"2020.03.30 16:30:00";"2020.03.30 17:15:00";"30.0";"2475.00";"7597.39990";"7762.39990";"-45252.23";"0.00";"IST";"PT";"45m 0s";"-0.00"
"659";"USTEC_ICM_UTC2";"Buy";"7963.8";"7881.3";"2020.03.31 18:15:00";"2020.03.31 19:26:00";"30.0";"-2475.00";"7881.29980";"8046.29980";"-47727.23";"0.00";"IST";"SL";"1h 11m";"-0.00"
"660";"USTEC_ICM_UTC2";"Buy";"7583.2";"7665.7";"2020.04.01 16:30:00";"2020.04.01 17:38:00";"30.0";"2475.00";"7500.70020";"7665.70020";"-45252.23";"0.00";"IST";"PT";"1h 8m";"-0.00"
"661";"USTEC_ICM_UTC2";"Buy";"7562.2";"7479.7";"2020.04.02 18:30:00";"2020.04.02 21:11:00";"30.0";"-2475.00";"7479.70020";"7644.70020";"-47727.23";"0.00";"IST";"SL";"2h 41m";"-0.00"
"662";"USTEC_ICM_UTC2";"Buy";"7637.4";"7554.9";"2020.04.03 17:00:00";"2020.04.03 17:42:00";"30.0";"-2475.00";"7554.89990";"7719.89990";"-50202.23";"0.00";"IST";"SL";"42m 0s";"-0.00"
"663";"USTEC_ICM_UTC2";"Buy";"7797.3";"7879.8";"2020.04.06 16:45:00";"2020.04.06 17:20:00";"30.0";"2475.00";"7714.79980";"7879.79980";"-47727.23";"0.00";"IST";"PT";"35m 0s";"-0.00"
"664";"USTEC_ICM_UTC2";"Buy";"8162.2";"8244.7";"2020.04.07 17:15:00";"2020.04.07 19:09:00";"30.0";"2475.00";"8079.70020";"8244.70020";"-45252.23";"0.00";"IST";"PT";"1h 54m";"-0.00"
"665";"USTEC_ICM_UTC2";"Buy";"8164.4";"8246.9";"2020.04.08 19:15:00";"2020.04.08 22:50:00";"30.0";"2475.00";"8081.89990";"8246.90039";"-42777.23";"0.00";"IST";"PT";"3h 35m";"-0.00"
"666";"USTEC_ICM_UTC2";"Buy";"8334.9";"8252.4";"2020.04.09 16:45:00";"2020.04.09 17:08:00";"30.0";"-2475.00";"8252.40039";"8417.40039";"-45252.23";"0.00";"IST";"SL";"23m 0s";"-0.00"
"667";"USTEC_ICM_UTC2";"Buy";"8211.3";"8293.8";"2020.04.13 16:45:00";"2020.04.13 22:21:00";"30.0";"2475.00";"8128.79980";"8293.79980";"-42777.23";"0.00";"IST";"PT";"5h 36m";"-0.00"
"668";"USTEC_ICM_UTC2";"Buy";"8550.4";"8632.9";"2020.04.14 16:45:00";"2020.04.14 19:16:00";"30.0";"2475.00";"8467.90039";"8632.90039";"-40302.23";"0.00";"IST";"PT";"2h 31m";"-0.00"
"669";"USTEC_ICM_UTC2";"Buy";"8541.0";"8623.5";"2020.04.15 19:00:00";"2020.04.15 21:18:00";"30.0";"2475.00";"8458.50000";"8623.50000";"-37827.23";"0.00";"IST";"PT";"2h 18m";"-0.00"
"670";"USTEC_ICM_UTC2";"Buy";"8655.1";"8737.6";"2020.04.16 17:00:00";"2020.04.16 18:08:00";"30.0";"2475.00";"8572.59961";"8737.59961";"-35352.23";"0.00";"IST";"PT";"1h 8m";"-0.00"
"671";"USTEC_ICM_UTC2";"Buy";"8767.1";"8832.1";"2020.04.17 20:45:00";"2020.04.17 22:55:00";"30.0";"1950.00";"8684.59961";"8849.59961";"-33402.23";"0.00";"IST";"End Of Friday (Time)";"2h 10m";"-0.00"
"672";"USTEC_ICM_UTC2";"Buy";"8800.7";"8718.2";"2020.04.20 17:30:00";"2020.04.20 23:06:00";"30.0";"-2475.00";"8718.20020";"8883.20020";"-35877.23";"0.00";"IST";"SL";"5h 36m";"-0.00"
"673";"USTEC_ICM_UTC2";"Buy";"8642.4";"8559.9";"2020.04.21 16:30:00";"2020.04.21 16:39:00";"30.0";"-2475.00";"8559.90039";"8724.90039";"-38352.23";"0.00";"IST";"SL";"9m 0s";"-0.00"
"674";"USTEC_ICM_UTC2";"Buy";"8577.8";"8660.3";"2020.04.22 16:45:00";"2020.04.22 20:52:00";"30.0";"2475.00";"8495.29980";"8660.29980";"-35877.23";"0.00";"IST";"PT";"4h 7m";"-0.00"
"675";"USTEC_ICM_UTC2";"Buy";"8743.8";"8661.3";"2020.04.23 16:45:00";"2020.04.23 19:45:00";"30.0";"-2475.00";"8661.29980";"8826.29980";"-38352.23";"0.00";"IST";"SL";"3h 0m";"-0.00"
"676";"USTEC_ICM_UTC2";"Buy";"8637.3";"8719.8";"2020.04.24 16:45:00";"2020.04.24 20:55:00";"30.0";"2475.00";"8554.79980";"8719.79980";"-35877.23";"0.00";"IST";"PT";"4h 10m";"-0.00"
"677";"USTEC_ICM_UTC2";"Buy";"8830.1";"8912.6";"2020.04.27 18:00:00";"2020.04.28 12:20:00";"30.0";"2291.88";"8747.59961";"8912.59961";"-33585.35";"0.00";"IST";"PT";"18h 20m";"-183.12"
"678";"USTEC_ICM_UTC2";"Buy";"8710.9";"8793.4";"2020.04.28 19:30:00";"2020.04.29 03:02:00";"30.0";"2291.88";"8628.40039";"8793.40039";"-31293.47";"0.00";"IST";"PT";"7h 32m";"-183.12"
"679";"USTEC_ICM_UTC2";"Buy";"8877.1";"8959.6";"2020.04.29 16:45:00";"2020.04.29 19:15:00";"30.0";"2475.00";"8794.59961";"8959.59961";"-28818.47";"0.00";"IST";"PT";"2h 30m";"-0.00"
"680";"USTEC_ICM_UTC2";"Buy";"8952.7";"8852.6";"2020.04.30 19:00:00";"2020.05.01 01:00:00";"30.0";"-3186.72";"8870.20020";"9035.20020";"-32005.19";"0.00";"IST";"SL";"6h 0m";"-183.12"
"681";"USTEC_ICM_UTC2";"Buy";"8840.6";"8758.1";"2020.05.01 17:00:00";"2020.05.01 18:48:00";"30.0";"-2475.00";"8758.09961";"8923.09961";"-34480.19";"0.00";"IST";"SL";"1h 48m";"-0.00"
"682";"USTEC_ICM_UTC2";"Buy";"8681.6";"8764.1";"2020.05.04 16:30:00";"2020.05.04 17:05:00";"30.0";"2475.00";"8599.09961";"8764.09961";"-32005.19";"0.00";"IST";"PT";"35m 0s";"-0.00"
"683";"USTEC_ICM_UTC2";"Buy";"8975.9";"8893.4";"2020.05.05 18:00:00";"2020.05.06 04:05:00";"30.0";"-2658.12";"8893.40039";"9058.40039";"-34663.31";"0.00";"IST";"SL";"10h 5m";"-183.12"
"684";"USTEC_ICM_UTC2";"Buy";"8999.5";"9082.0";"2020.05.06 17:00:00";"2020.05.07 10:15:00";"30.0";"2291.88";"8917.00000";"9082.00000";"-32371.43";"0.00";"IST";"PT";"17h 15m";"-183.12"
"685";"USTEC_ICM_UTC2";"Buy";"9084.8";"9167.3";"2020.05.07 18:30:00";"2020.05.08 03:00:00";"30.0";"2291.88";"9002.29980";"9167.29980";"-30079.55";"0.00";"IST";"PT";"8h 30m";"-183.12"
"686";"USTEC_ICM_UTC2";"Buy";"9147.5";"9221.3";"2020.05.08 16:45:00";"2020.05.08 22:55:00";"30.0";"2214.00";"9065.00000";"9230.00000";"-27865.55";"0.00";"IST";"End Of Friday (Time)";"6h 10m";"-0.00"
"687";"USTEC_ICM_UTC2";"Buy";"9244.8";"9327.3";"2020.05.11 17:30:00";"2020.05.11 20:38:00";"30.0";"2475.00";"9162.29980";"9327.29980";"-25390.55";"0.00";"IST";"PT";"3h 8m";"-0.00"
"688";"USTEC_ICM_UTC2";"Buy";"9320.1";"9237.6";"2020.05.12 19:00:00";"2020.05.12 22:18:00";"30.0";"-2475.00";"9237.59961";"9402.59961";"-27865.55";"0.00";"IST";"SL";"3h 18m";"-0.00"
"689";"USTEC_ICM_UTC2";"Buy";"9143.7";"9061.2";"2020.05.13 18:15:00";"2020.05.13 18:36:00";"30.0";"-2475.00";"9061.20020";"9226.20020";"-30340.55";"0.00";"IST";"SL";"21m 0s";"-0.00"
"690";"USTEC_ICM_UTC2";"Buy";"8899.1";"8981.6";"2020.05.14 17:15:00";"2020.05.14 18:18:00";"30.0";"2475.00";"8816.59961";"8981.59961";"-27865.55";"0.00";"IST";"PT";"1h 3m";"-0.00"
"691";"USTEC_ICM_UTC2";"Buy";"8983.9";"9066.4";"2020.05.15 18:00:00";"2020.05.15 19:41:00";"30.0";"2475.00";"8901.40039";"9066.40039";"-25390.55";"0.00";"IST";"PT";"1h 41m";"-0.00"
"692";"USTEC_ICM_UTC2";"Buy";"9332.3";"9414.8";"2020.05.18 18:45:00";"2020.05.19 09:58:00";"30.0";"2291.88";"9249.79980";"9414.79980";"-23098.67";"0.00";"IST";"PT";"15h 13m";"-183.12"
"693";"USTEC_ICM_UTC2";"Buy";"9334.4";"9416.9";"2020.05.19 16:30:00";"2020.05.19 21:06:00";"30.0";"2475.00";"9251.90039";"9416.90039";"-20623.67";"0.00";"IST";"PT";"4h 36m";"-0.00"
"694";"USTEC_ICM_UTC2";"Buy";"9466.1";"9383.6";"2020.05.20 17:00:00";"2020.05.21 18:08:00";"30.0";"-2658.12";"9383.59961";"9548.59961";"-23281.79";"0.00";"IST";"SL";"1d 1h 8m";"-183.12"
"695";"USTEC_ICM_UTC2";"Buy";"9405.5";"9323.0";"2020.05.21 20:00:00";"2020.05.22 05:54:00";"30.0";"-2658.12";"9323.00000";"9488.00000";"-25939.91";"0.00";"IST";"SL";"9h 54m";"-183.12"
"696";"USTEC_ICM_UTC2";"Buy";"9395.5";"9406.7";"2020.05.22 19:45:00";"2020.05.22 22:55:00";"30.0";"336.00";"9313.00000";"9478.00000";"-25603.91";"0.00";"IST";"End Of Friday (Time)";"3h 10m";"-0.00"
"697";"USTEC_ICM_UTC2";"Buy";"9522.5";"9605.0";"2020.05.25 16:45:00";"2020.05.26 09:33:00";"30.0";"2291.88";"9440.00000";"9605.00000";"-23312.03";"0.00";"IST";"PT";"16h 48m";"-183.12"
"698";"USTEC_ICM_UTC2";"Buy";"9496.1";"9413.6";"2020.05.26 18:15:00";"2020.05.26 22:34:00";"30.0";"-2475.00";"9413.59961";"9578.59961";"-25787.03";"0.00";"IST";"SL";"4h 19m";"-0.00"
"699";"USTEC_ICM_UTC2";"Buy";"9303.6";"9386.1";"2020.05.27 19:15:00";"2020.05.27 21:16:00";"30.0";"2475.00";"9221.09961";"9386.09961";"-23312.03";"0.00";"IST";"PT";"2h 1m";"-0.00"
"700";"USTEC_ICM_UTC2";"Buy";"9477.3";"9559.8";"2020.05.28 17:30:00";"2020.05.28 20:13:00";"30.0";"2475.00";"9394.79980";"9559.79980";"-20837.03";"0.00";"IST";"PT";"2h 43m";"-0.00"
"701";"USTEC_ICM_UTC2";"Buy";"9450.4";"9532.9";"2020.05.29 20:00:00";"2020.05.29 22:24:00";"30.0";"2475.00";"9367.90039";"9532.90039";"-18362.03";"0.00";"IST";"PT";"2h 24m";"-0.00"
"702";"USTEC_ICM_UTC2";"Buy";"9553.5";"9636.0";"2020.06.01 18:30:00";"2020.06.02 11:18:00";"30.0";"2291.88";"9471.00000";"9636.00000";"-16070.15";"0.00";"IST";"PT";"16h 48m";"-183.12"
"703";"USTEC_ICM_UTC2";"Buy";"9588.4";"9670.9";"2020.06.02 17:15:00";"2020.06.03 02:30:00";"30.0";"2291.88";"9505.90039";"9670.90039";"-13778.27";"0.00";"IST";"PT";"9h 15m";"-183.12"
"704";"USTEC_ICM_UTC2";"Buy";"9695.3";"9612.8";"2020.06.03 21:30:00";"2020.06.04 21:56:00";"30.0";"-2658.12";"9612.79980";"9777.79980";"-16436.39";"0.00";"IST";"SL";"1d 0h 26m";"-183.12"
"705";"USTEC_ICM_UTC2";"Buy";"9820.7";"9811.6";"2020.06.05 19:15:00";"2020.06.05 22:55:00";"30.0";"-273.03";"9738.20020";"9903.20020";"-16709.42";"0.00";"IST";"End Of Friday (Time)";"3h 40m";"-0.00"
"706";"USTEC_ICM_UTC2";"Buy";"9787.6";"9870.1";"2020.06.08 17:00:00";"2020.06.08 21:23:00";"30.0";"2475.00";"9705.09961";"9870.09961";"-14234.42";"0.00";"IST";"PT";"4h 23m";"-0.00"
"707";"USTEC_ICM_UTC2";"Buy";"9939.4";"10021.9";"2020.06.09 17:45:00";"2020.06.10 14:55:00";"30.0";"2291.88";"9856.90039";"10021.90039";"-11942.54";"0.00";"IST";"PT";"21h 10m";"-183.12"
"708";"USTEC_ICM_UTC2";"Buy";"10060.7";"10143.2";"2020.06.10 16:45:00";"2020.06.10 21:20:00";"30.0";"2475.00";"9978.20020";"10143.20020";"-9467.54";"0.00";"IST";"PT";"4h 35m";"-0.00"
"709";"USTEC_ICM_UTC2";"Buy";"9895.9";"9813.4";"2020.06.11 18:00:00";"2020.06.11 19:17:00";"30.0";"-2475.00";"9813.40039";"9978.40039";"-11942.54";"0.00";"IST";"SL";"1h 17m";"-0.00"
"710";"USTEC_ICM_UTC2";"Buy";"9757.0";"9674.5";"2020.06.12 17:30:00";"2020.06.12 17:53:00";"30.0";"-2475.00";"9674.50000";"9839.50000";"-14417.54";"0.00";"IST";"SL";"23m 0s";"-0.00"
"711";"USTEC_ICM_UTC2";"Buy";"9591.7";"9674.2";"2020.06.15 18:00:00";"2020.06.15 19:18:00";"30.0";"2475.00";"9509.20020";"9674.20020";"-11942.54";"0.00";"IST";"PT";"1h 18m";"-0.00"
"712";"USTEC_ICM_UTC2";"Buy";"9989.3";"9906.8";"2020.06.16 16:30:00";"2020.06.16 17:53:00";"30.0";"-2475.00";"9906.79980";"10071.79980";"-14417.54";"0.00";"IST";"SL";"1h 23m";"-0.00"
"713";"USTEC_ICM_UTC2";"Buy";"10012.3";"9929.8";"2020.06.17 18:45:00";"2020.06.18 04:21:00";"30.0";"-2658.12";"9929.79980";"10094.79980";"-17075.66";"0.00";"IST";"SL";"9h 36m";"-183.12"
"714";"USTEC_ICM_UTC2";"Buy";"9978.4";"10060.9";"2020.06.18 19:00:00";"2020.06.19 09:22:00";"30.0";"2291.88";"9895.90039";"10060.90039";"-14783.78";"0.00";"IST";"PT";"14h 22m";"-183.12"
"715";"USTEC_ICM_UTC2";"Buy";"10104.8";"10022.3";"2020.06.19 16:45:00";"2020.06.19 19:13:00";"30.0";"-2475.00";"10022.29980";"10187.29980";"-17258.78";"0.00";"IST";"SL";"2h 28m";"-0.00"
"716";"USTEC_ICM_UTC2";"Buy";"10033.5";"10116.0";"2020.06.22 18:00:00";"2020.06.22 19:47:00";"30.0";"2475.00";"9951.00000";"10116.00000";"-14783.78";"0.00";"IST";"PT";"1h 47m";"-0.00"
"717";"USTEC_ICM_UTC2";"Buy";"10266.6";"10184.1";"2020.06.23 18:30:00";"2020.06.24 01:57:00";"30.0";"-2658.12";"10184.09961";"10349.09961";"-17441.90";"0.00";"IST";"SL";"7h 27m";"-183.12"
"718";"USTEC_ICM_UTC2";"Buy";"10108.9";"10026.4";"2020.06.24 17:00:00";"2020.06.24 18:13:00";"30.0";"-2475.00";"10026.40039";"10191.40039";"-19916.90";"0.00";"IST";"SL";"1h 13m";"-0.00"
"719";"USTEC_ICM_UTC2";"Buy";"9959.2";"10041.7";"2020.06.25 17:00:00";"2020.06.25 19:15:00";"30.0";"2475.00";"9876.70020";"10041.70020";"-17441.90";"0.00";"IST";"PT";"2h 15m";"-0.00"
"720";"USTEC_ICM_UTC2";"Buy";"10086.8";"10004.3";"2020.06.26 16:30:00";"2020.06.26 17:01:00";"30.0";"-2475.00";"10004.29980";"10169.29980";"-19916.90";"0.00";"IST";"SL";"31m 0s";"-0.00"
"721";"USTEC_ICM_UTC2";"Buy";"9902.9";"9985.4";"2020.06.29 18:30:00";"2020.06.29 23:02:00";"30.0";"2475.00";"9820.40039";"9985.40039";"-17441.90";"0.00";"IST";"PT";"4h 32m";"-0.00"
"722";"USTEC_ICM_UTC2";"Buy";"10074.1";"10156.6";"2020.06.30 18:00:00";"2020.06.30 22:50:00";"30.0";"2475.00";"9991.59961";"10156.59961";"-14966.90";"0.00";"IST";"PT";"4h 50m";"-0.00"
"723";"USTEC_ICM_UTC2";"Buy";"10183.5";"10266.0";"2020.07.01 16:45:00";"2020.07.01 19:31:00";"30.0";"2475.00";"10101.00000";"10266.00000";"-12491.90";"0.00";"IST";"PT";"2h 46m";"-0.00"
"724";"USTEC_ICM_UTC2";"Buy";"10417.9";"10335.4";"2020.07.02 16:45:00";"2020.07.02 22:54:00";"30.0";"-2475.00";"10335.40039";"10500.40039";"-14966.90";"0.00";"IST";"SL";"6h 9m";"-0.00"
"725";"USTEC_ICM_UTC2";"Buy";"10364.3";"10446.8";"2020.07.03 16:30:00";"2020.07.06 04:01:00";"30.0";"1925.64";"10281.79980";"10446.79980";"-13041.26";"0.00";"IST";"PT";"2d 11h 31m";"-549.36"
"726";"USTEC_ICM_UTC2";"Buy";"10479.9";"10562.4";"2020.07.06 16:30:00";"2020.07.06 17:33:00";"30.0";"2475.00";"10397.40039";"10562.40039";"-10566.26";"0.00";"IST";"PT";"1h 3m";"-0.00"
"727";"USTEC_ICM_UTC2";"Buy";"10618.6";"10701.1";"2020.07.07 17:00:00";"2020.07.07 18:21:00";"30.0";"2475.00";"10536.09961";"10701.09961";"-8091.26";"0.00";"IST";"PT";"1h 21m";"-0.00"
"728";"USTEC_ICM_UTC2";"Buy";"10614.9";"10532.4";"2020.07.08 17:30:00";"2020.07.08 18:22:00";"30.0";"-2475.00";"10532.40039";"10697.40039";"-10566.26";"0.00";"IST";"SL";"52m 0s";"-0.00"
"729";"USTEC_ICM_UTC2";"Buy";"10744.2";"10661.7";"2020.07.09 16:30:00";"2020.07.09 17:43:00";"30.0";"-2475.00";"10661.70020";"10826.70020";"-13041.26";"0.00";"IST";"SL";"1h 13m";"-0.00"
"730";"USTEC_ICM_UTC2";"Buy";"10688.6";"10771.1";"2020.07.10 17:00:00";"2020.07.10 20:20:00";"30.0";"2475.00";"10606.09961";"10771.09961";"-10566.26";"0.00";"IST";"PT";"3h 20m";"-0.00"
"731";"USTEC_ICM_UTC2";"Buy";"11056.5";"10974.0";"2020.07.13 18:45:00";"2020.07.13 20:48:00";"30.0";"-2475.00";"10974.00000";"11139.00000";"-13041.26";"0.00";"IST";"SL";"2h 3m";"-0.00"
"732";"USTEC_ICM_UTC2";"Buy";"10552.5";"10635.0";"2020.07.14 18:30:00";"2020.07.14 20:56:00";"30.0";"2475.00";"10470.00000";"10635.00000";"-10566.26";"0.00";"IST";"PT";"2h 26m";"-0.00"
"733";"USTEC_ICM_UTC2";"Buy";"10776.7";"10694.2";"2020.07.15 16:45:00";"2020.07.15 18:03:00";"30.0";"-2475.00";"10694.20020";"10859.20020";"-13041.26";"0.00";"IST";"SL";"1h 18m";"-0.00"
"734";"USTEC_ICM_UTC2";"Buy";"10570.4";"10652.9";"2020.07.16 17:00:00";"2020.07.16 22:36:00";"30.0";"2475.00";"10487.90039";"10652.90039";"-10566.26";"0.00";"IST";"PT";"5h 36m";"-0.00"
"735";"USTEC_ICM_UTC2";"Buy";"10617.8";"10637.3";"2020.07.17 17:15:00";"2020.07.17 22:55:00";"30.0";"585.00";"10535.29980";"10700.29980";"-9981.26";"0.00";"IST";"End Of Friday (Time)";"5h 40m";"-0.00"
"736";"USTEC_ICM_UTC2";"Buy";"10698.3";"10780.8";"2020.07.20 17:00:00";"2020.07.20 17:27:00";"30.0";"2475.00";"10615.79980";"10780.79980";"-7506.26";"0.00";"IST";"PT";"27m 0s";"-0.00"
"737";"USTEC_ICM_UTC2";"Buy";"10913.2";"10830.7";"2020.07.21 22:00:00";"2020.07.21 22:35:00";"30.0";"-2475.00";"10830.70020";"10995.70020";"-9981.26";"0.00";"IST";"SL";"35m 0s";"-0.00"
"738";"USTEC_ICM_UTC2";"Buy";"10889.2";"10806.7";"2020.07.22 17:00:00";"2020.07.22 17:52:00";"30.0";"-2475.00";"10806.70020";"10971.70020";"-12456.26";"0.00";"IST";"SL";"52m 0s";"-0.00"
"739";"USTEC_ICM_UTC2";"Buy";"10729.2";"10646.7";"2020.07.23 19:30:00";"2020.07.23 20:34:00";"30.0";"-2475.00";"10646.70020";"10811.70020";"-14931.26";"0.00";"IST";"SL";"1h 4m";"-0.00"
"740";"USTEC_ICM_UTC2";"Buy";"10508.3";"10425.8";"2020.07.24 18:15:00";"2020.07.24 20:08:00";"30.0";"-2475.00";"10425.79980";"10590.79980";"-17406.26";"0.00";"IST";"SL";"1h 53m";"-0.00"
"741";"USTEC_ICM_UTC2";"Buy";"10552.3";"10634.8";"2020.07.27 18:45:00";"2020.07.27 21:05:00";"30.0";"2475.00";"10469.79980";"10634.79980";"-14931.26";"0.00";"IST";"PT";"2h 20m";"-0.00"
"742";"USTEC_ICM_UTC2";"Buy";"10623.8";"10541.3";"2020.07.28 16:45:00";"2020.07.28 22:50:00";"30.0";"-2475.00";"10541.29980";"10706.29980";"-17406.26";"0.00";"IST";"SL";"6h 5m";"-0.00"
"743";"USTEC_ICM_UTC2";"Buy";"10652.8";"10570.3";"2020.07.29 18:30:00";"2020.07.30 10:32:00";"30.0";"-2658.12";"10570.29980";"10735.29980";"-20064.38";"0.00";"IST";"SL";"16h 2m";"-183.12"
"744";"USTEC_ICM_UTC2";"Buy";"10569.2";"10651.7";"2020.07.30 17:30:00";"2020.07.30 18:35:00";"30.0";"2475.00";"10486.70020";"10651.70020";"-17589.38";"0.00";"IST";"PT";"1h 5m";"-0.00"
"745";"USTEC_ICM_UTC2";"Buy";"10733.8";"10816.3";"2020.07.31 21:15:00";"2020.07.31 21:57:00";"30.0";"2475.00";"10651.29980";"10816.29980";"-15114.38";"0.00";"IST";"PT";"42m 0s";"-0.00"
"746";"USTEC_ICM_UTC2";"Buy";"10999.5";"11082.0";"2020.08.03 16:30:00";"2020.08.03 21:39:00";"30.0";"2475.00";"10917.00000";"11082.00000";"-12639.38";"0.00";"IST";"PT";"5h 9m";"-0.00"
"747";"USTEC_ICM_UTC2";"Buy";"11069.1";"11151.6";"2020.08.04 17:30:00";"2020.08.05 12:45:00";"30.0";"2291.88";"10986.59961";"11151.59961";"-10347.50";"0.00";"IST";"PT";"19h 15m";"-183.12"
"748";"USTEC_ICM_UTC2";"Buy";"11115.4";"11197.9";"2020.08.05 18:00:00";"2020.08.06 20:50:00";"30.0";"2291.88";"11032.90039";"11197.90039";"-8055.62";"0.00";"IST";"PT";"1d 2h 50m";"-183.12"
"749";"USTEC_ICM_UTC2";"Buy";"11206.6";"11289.1";"2020.08.06 21:00:00";"2020.08.07 03:25:00";"30.0";"2291.88";"11124.09961";"11289.09961";"-5763.74";"0.00";"IST";"PT";"6h 25m";"-183.12"
"750";"USTEC_ICM_UTC2";"Buy";"11242.9";"11160.4";"2020.08.07 17:15:00";"2020.08.07 19:52:00";"30.0";"-2475.00";"11160.40039";"11325.40039";"-8238.75";"0.00";"IST";"SL";"2h 37m";"-0.00"
"751";"USTEC_ICM_UTC2";"Buy";"11069.7";"11152.2";"2020.08.10 21:15:00";"2020.08.11 11:50:00";"30.0";"2291.88";"10987.20020";"11152.20020";"-5946.86";"0.00";"IST";"PT";"14h 35m";"-183.12"
"752";"USTEC_ICM_UTC2";"Buy";"10975.4";"11057.9";"2020.08.11 17:15:00";"2020.08.11 18:10:00";"30.0";"2475.00";"10892.90039";"11057.90039";"-3471.86";"0.00";"IST";"PT";"55m 0s";"-0.00"
"753";"USTEC_ICM_UTC2";"Buy";"11097.6";"11180.1";"2020.08.12 17:45:00";"2020.08.12 20:57:00";"30.0";"2475.00";"11015.09961";"11180.09961";"-996.86";"0.00";"IST";"PT";"3h 12m";"-0.00"
"754";"USTEC_ICM_UTC2";"Buy";"11180.1";"11262.6";"2020.08.13 16:30:00";"2020.08.13 18:07:00";"30.0";"2475.00";"11097.59961";"11262.59961";"1478.14";"0.00";"IST";"PT";"1h 37m";"-0.00"
"755";"USTEC_ICM_UTC2";"Buy";"11158.4";"11166.2";"2020.08.14 19:30:00";"2020.08.14 22:55:00";"30.0";"234.00";"11075.90039";"11240.90039";"1712.14";"0.00";"IST";"End Of Friday (Time)";"3h 25m";"-0.00"
"756";"USTEC_ICM_UTC2";"Buy";"11234.6";"11317.1";"2020.08.17 16:30:00";"2020.08.18 12:33:00";"30.0";"2291.88";"11152.09961";"11317.09961";"4004.02";"0.00";"IST";"PT";"20h 3m";"-183.12"
"757";"USTEC_ICM_UTC2";"Buy";"11335.0";"11417.5";"2020.08.18 16:30:00";"2020.08.18 22:19:00";"30.0";"2475.00";"11252.50000";"11417.50000";"6479.02";"0.00";"IST";"PT";"5h 49m";"-0.00"
"758";"USTEC_ICM_UTC2";"Buy";"11385.1";"11302.6";"2020.08.19 17:15:00";"2020.08.19 22:50:00";"30.0";"-2475.00";"11302.59961";"11467.59961";"4004.02";"0.00";"IST";"SL";"5h 35m";"-0.00"
"759";"USTEC_ICM_UTC2";"Buy";"11396.3";"11478.8";"2020.08.20 18:00:00";"2020.08.20 22:08:00";"30.0";"2475.00";"11313.79980";"11478.79980";"6479.02";"0.00";"IST";"PT";"4h 8m";"-0.00"
"760";"USTEC_ICM_UTC2";"Buy";"11543.1";"11557.1";"2020.08.21 18:30:00";"2020.08.21 22:55:00";"30.0";"420.00";"11460.59961";"11625.59961";"6899.02";"0.00";"IST";"End Of Friday (Time)";"4h 25m";"-0.00"
"761";"USTEC_ICM_UTC2";"Buy";"11660.8";"11578.3";"2020.08.24 17:00:00";"2020.08.24 17:48:00";"30.0";"-2475.00";"11578.29980";"11743.29980";"4424.02";"0.00";"IST";"SL";"48m 0s";"-0.00"
"762";"USTEC_ICM_UTC2";"Buy";"11648.4";"11730.9";"2020.08.25 18:00:00";"2020.08.25 23:14:00";"30.0";"2475.00";"11565.90039";"11730.90039";"6899.02";"0.00";"IST";"PT";"5h 14m";"-0.00"
"763";"USTEC_ICM_UTC2";"Buy";"11835.1";"11917.6";"2020.08.26 17:45:00";"2020.08.26 19:10:00";"30.0";"2475.00";"11752.59961";"11917.59961";"9374.01";"0.00";"IST";"PT";"1h 25m";"-0.00"
"764";"USTEC_ICM_UTC2";"Buy";"12006.9";"11924.4";"2020.08.27 18:30:00";"2020.08.27 19:38:00";"30.0";"-2475.00";"11924.40039";"12089.40039";"6899.02";"0.00";"IST";"SL";"1h 8m";"-0.00"
"765";"USTEC_ICM_UTC2";"Buy";"12009.1";"11988.1";"2020.08.28 17:00:00";"2020.08.28 22:55:00";"30.0";"-630.00";"11926.59961";"12091.59961";"6269.02";"0.00";"IST";"End Of Friday (Time)";"5h 55m";"-0.00"
"766";"USTEC_ICM_UTC2";"Buy";"12053.9";"12136.4";"2020.08.31 17:30:00";"2020.08.31 20:31:00";"30.0";"2475.00";"11971.40039";"12136.40039";"8744.01";"0.00";"IST";"PT";"3h 1m";"-0.00"
"767";"USTEC_ICM_UTC2";"Buy";"12251.7";"12334.2";"2020.09.01 18:15:00";"2020.09.02 02:22:00";"30.0";"2291.88";"12169.20020";"12334.20020";"11035.89";"0.00";"IST";"PT";"8h 7m";"-183.12"
"768";"USTEC_ICM_UTC2";"Buy";"12296.1";"12213.6";"2020.09.02 18:15:00";"2020.09.02 18:37:00";"30.0";"-2475.00";"12213.59961";"12378.59961";"8560.89";"0.00";"IST";"SL";"22m 0s";"-0.00"
"769";"USTEC_ICM_UTC2";"Buy";"12157.5";"12075.0";"2020.09.03 16:45:00";"2020.09.03 17:20:00";"30.0";"-2475.00";"12075.00000";"12240.00000";"6085.90";"0.00";"IST";"SL";"35m 0s";"-0.00"
"770";"USTEC_ICM_UTC2";"Buy";"11488.2";"11405.7";"2020.09.04 19:00:00";"2020.09.04 19:19:00";"30.0";"-2475.00";"11405.70020";"11570.70020";"3610.90";"0.00";"IST";"SL";"19m 0s";"-0.00"
"771";"USTEC_ICM_UTC2";"Buy";"11484.4";"11566.9";"2020.09.07 17:30:00";"2020.09.08 01:27:00";"30.0";"2291.88";"11401.90039";"11566.90039";"5902.77";"0.00";"IST";"PT";"7h 57m";"-183.12"
"772";"USTEC_ICM_UTC2";"Buy";"11159.4";"11241.9";"2020.09.08 16:45:00";"2020.09.08 16:53:00";"30.0";"2475.00";"11076.90039";"11241.90039";"8377.77";"0.00";"IST";"PT";"8m 0s";"-0.00"
"773";"USTEC_ICM_UTC2";"Buy";"11262.9";"11345.4";"2020.09.09 17:15:00";"2020.09.09 17:27:00";"30.0";"2475.00";"11180.40039";"11345.40039";"10852.77";"0.00";"IST";"PT";"12m 0s";"-0.00"
"774";"USTEC_ICM_UTC2";"Buy";"11513.2";"11430.7";"2020.09.10 16:45:00";"2020.09.10 17:57:00";"30.0";"-2475.00";"11430.70020";"11595.70020";"8377.77";"0.00";"IST";"SL";"1h 12m";"-0.00"
"775";"USTEC_ICM_UTC2";"Buy";"11148.7";"11231.2";"2020.09.11 17:15:00";"2020.09.11 17:45:00";"30.0";"2475.00";"11066.20020";"11231.20020";"10852.77";"0.00";"IST";"PT";"30m 0s";"-0.00"
"776";"USTEC_ICM_UTC2";"Buy";"11244.9";"11327.4";"2020.09.14 16:30:00";"2020.09.14 17:06:00";"30.0";"2475.00";"11162.40039";"11327.40039";"13327.77";"0.00";"IST";"PT";"36m 0s";"-0.00"
"777";"USTEC_ICM_UTC2";"Buy";"11431.6";"11514.1";"2020.09.15 16:30:00";"2020.09.16 11:08:00";"30.0";"2291.88";"11349.09961";"11514.09961";"15619.65";"0.00";"IST";"PT";"18h 38m";"-183.12"
"778";"USTEC_ICM_UTC2";"Buy";"11393.9";"11311.4";"2020.09.16 19:15:00";"2020.09.16 22:10:00";"30.0";"-2475.00";"11311.40039";"11476.40039";"13144.65";"0.00";"IST";"SL";"2h 55m";"-0.00"
"779";"USTEC_ICM_UTC2";"Buy";"11098.8";"11016.3";"2020.09.17 18:00:00";"2020.09.17 18:56:00";"30.0";"-2475.00";"11016.29980";"11181.29980";"10669.65";"0.00";"IST";"SL";"56m 0s";"-0.00"
"780";"USTEC_ICM_UTC2";"Buy";"11073.3";"10990.8";"2020.09.18 17:00:00";"2020.09.18 17:52:00";"30.0";"-2475.00";"10990.79980";"11155.79980";"8194.65";"0.00";"IST";"SL";"52m 0s";"-0.00"
"781";"USTEC_ICM_UTC2";"Buy";"10826.1";"10743.6";"2020.09.21 17:00:00";"2020.09.21 17:27:00";"30.0";"-2475.00";"10743.59961";"10908.59961";"5719.65";"0.00";"IST";"SL";"27m 0s";"-0.00"
"782";"USTEC_ICM_UTC2";"Buy";"11085.5";"11003.0";"2020.09.22 16:30:00";"2020.09.22 16:45:00";"30.0";"-2475.00";"11003.00000";"11168.00000";"3244.65";"0.00";"IST";"SL";"15m 0s";"-0.00"
"783";"USTEC_ICM_UTC2";"Buy";"11169.1";"11086.6";"2020.09.23 16:30:00";"2020.09.23 17:05:00";"30.0";"-2475.00";"11086.59961";"11251.59961";"769.65";"0.00";"IST";"SL";"35m 0s";"-0.00"
"784";"USTEC_ICM_UTC2";"Buy";"10911.7";"10994.2";"2020.09.24 18:00:00";"2020.09.24 19:05:00";"30.0";"2475.00";"10829.20020";"10994.20020";"3244.65";"0.00";"IST";"PT";"1h 5m";"-0.00"
"785";"USTEC_ICM_UTC2";"Buy";"10921.8";"11004.3";"2020.09.25 17:00:00";"2020.09.25 18:12:00";"30.0";"2475.00";"10839.29980";"11004.29980";"5719.65";"0.00";"IST";"PT";"1h 12m";"-0.00"
"786";"USTEC_ICM_UTC2";"Buy";"11270.7";"11353.2";"2020.09.28 19:15:00";"2020.09.28 22:17:00";"30.0";"2475.00";"11188.20020";"11353.20020";"8194.65";"0.00";"IST";"PT";"3h 2m";"-0.00"
"787";"USTEC_ICM_UTC2";"Buy";"11354.6";"11272.1";"2020.09.29 16:45:00";"2020.09.30 06:58:00";"30.0";"-2658.12";"11272.09961";"11437.09961";"5536.53";"0.00";"IST";"SL";"14h 13m";"-183.12"
"788";"USTEC_ICM_UTC2";"Buy";"11330.6";"11413.1";"2020.09.30 16:30:00";"2020.09.30 16:57:00";"30.0";"2475.00";"11248.09961";"11413.09961";"8011.53";"0.00";"IST";"PT";"27m 0s";"-0.00"
"789";"USTEC_ICM_UTC2";"Buy";"11554.7";"11472.2";"2020.10.01 16:45:00";"2020.10.02 07:59:00";"30.0";"-2658.12";"11472.20020";"11637.20020";"5353.41";"0.00";"IST";"SL";"15h 14m";"-183.12"
"790";"USTEC_ICM_UTC2";"Buy";"11479.3";"11396.8";"2020.10.02 17:30:00";"2020.10.02 18:05:00";"30.0";"-2475.00";"11396.79980";"11561.79980";"2878.41";"0.00";"IST";"SL";"35m 0s";"-0.00"
"791";"USTEC_ICM_UTC2";"Buy";"11428.6";"11511.1";"2020.10.05 18:00:00";"2020.10.06 17:20:00";"30.0";"2291.88";"11346.09961";"11511.09961";"5170.29";"0.00";"IST";"PT";"23h 20m";"-183.12"
"792";"USTEC_ICM_UTC2";"Buy";"11442.2";"11524.7";"2020.10.06 18:15:00";"2020.10.06 21:44:00";"30.0";"2475.00";"11359.70020";"11524.70020";"7645.29";"0.00";"IST";"PT";"3h 29m";"-0.00"
"793";"USTEC_ICM_UTC2";"Buy";"11398.0";"11480.5";"2020.10.07 16:30:00";"2020.10.07 20:03:00";"30.0";"2475.00";"11315.50000";"11480.50000";"10120.29";"0.00";"IST";"PT";"3h 33m";"-0.00"
"794";"USTEC_ICM_UTC2";"Buy";"11558.4";"11640.9";"2020.10.08 17:00:00";"2020.10.09 16:43:00";"30.0";"2291.88";"11475.90039";"11640.90039";"12412.17";"0.00";"IST";"PT";"23h 43m";"-183.12"
"795";"USTEC_ICM_UTC2";"Buy";"11634.9";"11713.5";"2020.10.09 16:45:00";"2020.10.09 22:55:00";"30.0";"2358.00";"11552.40039";"11717.40039";"14770.17";"0.00";"IST";"End Of Friday (Time)";"6h 10m";"-0.00"
"796";"USTEC_ICM_UTC2";"Buy";"12025.4";"12107.9";"2020.10.12 19:00:00";"2020.10.12 19:41:00";"30.0";"2475.00";"11942.90039";"12107.90039";"17245.17";"0.00";"IST";"PT";"41m 0s";"-0.00"
"797";"USTEC_ICM_UTC2";"Buy";"12145.3";"12062.8";"2020.10.13 18:15:00";"2020.10.13 20:09:00";"30.0";"-2475.00";"12062.79980";"12227.79980";"14770.17";"0.00";"IST";"SL";"1h 54m";"-0.00"
"798";"USTEC_ICM_UTC2";"Buy";"11987.7";"11905.2";"2020.10.14 22:00:00";"2020.10.15 04:23:00";"30.0";"-2658.12";"11905.20020";"12070.20020";"12112.05";"0.00";"IST";"SL";"6h 23m";"-183.12"
"799";"USTEC_ICM_UTC2";"Buy";"11882.3";"11799.8";"2020.10.15 17:00:00";"2020.10.15 17:29:00";"30.0";"-2475.00";"11799.79980";"11964.79980";"9637.05";"0.00";"IST";"SL";"29m 0s";"-0.00"
"800";"USTEC_ICM_UTC2";"Buy";"11971.5";"11889.0";"2020.10.16 16:30:00";"2020.10.16 18:25:00";"30.0";"-2475.00";"11889.00000";"12054.00000";"7162.05";"0.00";"IST";"SL";"1h 55m";"-0.00"
"801";"USTEC_ICM_UTC2";"Buy";"11660.4";"11742.9";"2020.10.19 22:15:00";"2020.10.20 03:03:00";"30.0";"2291.88";"11577.90039";"11742.90039";"9453.93";"0.00";"IST";"PT";"4h 48m";"-183.12"
"802";"USTEC_ICM_UTC2";"Buy";"11649.5";"11732.0";"2020.10.20 18:00:00";"2020.10.20 19:34:00";"30.0";"2475.00";"11567.00000";"11732.00000";"11928.93";"0.00";"IST";"PT";"1h 34m";"-0.00"
"803";"USTEC_ICM_UTC2";"Buy";"11714.2";"11631.7";"2020.10.21 18:00:00";"2020.10.22 02:38:00";"30.0";"-2658.12";"11631.70020";"11796.70020";"9270.81";"0.00";"IST";"SL";"8h 38m";"-183.12"
"804";"USTEC_ICM_UTC2";"Buy";"11602.1";"11684.6";"2020.10.22 17:30:00";"2020.10.22 22:33:00";"30.0";"2475.00";"11519.59961";"11684.59961";"11745.81";"0.00";"IST";"PT";"5h 3m";"-0.00"
"805";"USTEC_ICM_UTC2";"Buy";"11688.4";"11605.9";"2020.10.23 16:30:00";"2020.10.23 16:50:00";"30.0";"-2475.00";"11605.90039";"11770.90039";"9270.81";"0.00";"IST";"SL";"20m 0s";"-0.00"
"806";"USTEC_ICM_UTC2";"Buy";"11549.8";"11467.3";"2020.10.26 17:00:00";"2020.10.26 17:44:00";"30.0";"-2475.00";"11467.29980";"11632.29980";"6795.81";"0.00";"IST";"SL";"44m 0s";"-0.00"
"807";"USTEC_ICM_UTC2";"Buy";"11568.6";"11486.1";"2020.10.27 17:00:00";"2020.10.28 10:16:00";"30.0";"-2658.12";"11486.09961";"11651.09961";"4137.69";"0.00";"IST";"SL";"17h 16m";"-183.12"
"808";"USTEC_ICM_UTC2";"Buy";"11216.6";"11299.1";"2020.10.28 19:00:00";"2020.10.29 08:23:00";"30.0";"2291.88";"11134.09961";"11299.09961";"6429.57";"0.00";"IST";"PT";"13h 23m";"-183.12"
"809";"USTEC_ICM_UTC2";"Buy";"11320.8";"11403.3";"2020.10.29 17:15:00";"2020.10.29 20:00:00";"30.0";"2475.00";"11238.29980";"11403.29980";"8904.57";"0.00";"IST";"PT";"2h 45m";"-0.00"
"810";"USTEC_ICM_UTC2";"Buy";"11014.7";"11097.2";"2020.10.30 19:15:00";"2020.10.30 22:00:00";"30.0";"2475.00";"10932.20020";"11097.20020";"11379.57";"0.00";"IST";"PT";"2h 45m";"-0.00"
"811";"USTEC_ICM_UTC2";"Buy";"11157.7";"11240.2";"2020.11.03 16:30:00";"2020.11.03 17:03:00";"30.0";"2475.00";"11075.20020";"11240.20020";"13854.57";"0.00";"IST";"PT";"33m 0s";"-0.00"
"812";"USTEC_ICM_UTC2";"Buy";"11637.7";"11720.2";"2020.11.04 16:30:00";"2020.11.04 17:06:00";"30.0";"2475.00";"11555.20020";"11720.20020";"16329.57";"0.00";"IST";"PT";"36m 0s";"-0.00"
"813";"USTEC_ICM_UTC2";"Buy";"12078.2";"11995.7";"2020.11.05 18:00:00";"2020.11.05 19:22:00";"30.0";"-2475.00";"11995.70020";"12160.70020";"13854.57";"0.00";"IST";"SL";"1h 22m";"-0.00"
"814";"USTEC_ICM_UTC2";"Buy";"11924.8";"12007.3";"2020.11.06 16:45:00";"2020.11.06 17:31:00";"30.0";"2475.00";"11842.29980";"12007.29980";"16329.57";"0.00";"IST";"PT";"46m 0s";"-0.00"
"815";"USTEC_ICM_UTC2";"Buy";"12194.7";"12112.2";"2020.11.09 16:30:00";"2020.11.09 16:34:00";"30.0";"-2475.00";"12112.20020";"12277.20020";"13854.57";"0.00";"IST";"SL";"4m 0s";"-0.00"
"816";"USTEC_ICM_UTC2";"Buy";"11659.5";"11577.0";"2020.11.10 17:00:00";"2020.11.10 17:28:00";"30.0";"-2475.00";"11577.00000";"11742.00000";"11379.57";"0.00";"IST";"SL";"28m 0s";"-0.00"
"817";"USTEC_ICM_UTC2";"Buy";"11815.5";"11898.0";"2020.11.11 18:00:00";"2020.11.11 20:39:00";"30.0";"2475.00";"11733.00000";"11898.00000";"13854.57";"0.00";"IST";"PT";"2h 39m";"-0.00"
"818";"USTEC_ICM_UTC2";"Buy";"11936.5";"11854.0";"2020.11.12 18:00:00";"2020.11.12 19:46:00";"30.0";"-2475.00";"11854.00000";"12019.00000";"11379.57";"0.00";"IST";"SL";"1h 46m";"-0.00"
"819";"USTEC_ICM_UTC2";"Buy";"11872.4";"11954.9";"2020.11.13 20:45:00";"2020.11.13 22:43:00";"30.0";"2475.00";"11789.90039";"11954.90039";"13854.57";"0.00";"IST";"PT";"1h 58m";"-0.00"
"820";"USTEC_ICM_UTC2";"Buy";"11971.6";"12081.0";"2020.11.16 17:00:00";"2020.11.17 01:00:00";"30.0";"3099.39";"11889.09961";"12054.09961";"16953.96";"0.00";"IST";"PT";"8h 0m";"-183.12"
"821";"USTEC_ICM_UTC2";"Buy";"11970.0";"11887.5";"2020.11.17 17:00:00";"2020.11.18 23:05:00";"30.0";"-2658.12";"11887.50000";"12052.50000";"14295.84";"0.00";"IST";"SL";"1d 6h 5m";"-183.12"
"822";"USTEC_ICM_UTC2";"Buy";"11946.5";"11918.2";"2020.11.19 18:45:00";"2020.11.20 22:55:00";"30.0";"-1032.12";"11864.00000";"12029.00000";"13263.72";"0.00";"IST";"End Of Friday (Time)";"1d 4h 10m";"-183.12"
"823";"USTEC_ICM_UTC2";"Buy";"11886.7";"11969.2";"2020.11.23 17:30:00";"2020.11.24 05:36:00";"30.0";"2291.88";"11804.20020";"11969.20020";"15555.60";"0.00";"IST";"PT";"12h 6m";"-183.12"
"824";"USTEC_ICM_UTC2";"Buy";"11893.8";"11976.3";"2020.11.24 16:45:00";"2020.11.24 17:48:00";"30.0";"2475.00";"11811.29980";"11976.29980";"18030.60";"0.00";"IST";"PT";"1h 3m";"-0.00"
"825";"USTEC_ICM_UTC2";"Buy";"12102.1";"12184.6";"2020.11.25 19:00:00";"2020.11.26 01:13:00";"30.0";"2291.88";"12019.59961";"12184.59961";"20322.48";"0.00";"IST";"PT";"6h 13m";"-183.12"
"826";"USTEC_ICM_UTC2";"Buy";"12200.0";"12282.5";"2020.11.26 16:30:00";"2020.11.27 17:22:00";"30.0";"2291.88";"12117.50000";"12282.50000";"22614.36";"0.00";"IST";"PT";"1d 0h 52m";"-183.12"
"827";"USTEC_ICM_UTC2";"Buy";"12292.1";"12209.6";"2020.11.27 18:15:00";"2020.11.30 08:16:00";"30.0";"-3024.36";"12209.59961";"12374.59961";"19590.00";"0.00";"IST";"SL";"2d 14h 1m";"-549.36"
"828";"USTEC_ICM_UTC2";"Buy";"12241.1";"12158.6";"2020.11.30 17:15:00";"2020.11.30 17:38:00";"30.0";"-2475.00";"12158.59961";"12323.59961";"17115.00";"0.00";"IST";"SL";"23m 0s";"-0.00"
"829";"USTEC_ICM_UTC2";"Buy";"12398.6";"12481.1";"2020.12.01 18:00:00";"2020.12.01 19:11:00";"30.0";"2475.00";"12316.09961";"12481.09961";"19590.00";"0.00";"IST";"PT";"1h 11m";"-0.00"
"830";"USTEC_ICM_UTC2";"Buy";"12438.5";"12521.0";"2020.12.02 18:30:00";"2020.12.03 17:08:00";"30.0";"2291.88";"12356.00000";"12521.00000";"21881.88";"0.00";"IST";"PT";"22h 38m";"-183.12"
"831";"USTEC_ICM_UTC2";"Buy";"12480.5";"12516.1";"2020.12.03 18:00:00";"2020.12.04 22:55:00";"30.0";"884.88";"12398.00000";"12563.00000";"22766.76";"0.00";"IST";"End Of Friday (Time)";"1d 4h 55m";"-183.12"
"832";"USTEC_ICM_UTC2";"Buy";"12574.6";"12663.1";"2020.12.07 16:45:00";"2020.12.09 01:00:00";"30.0";"2289.36";"12492.09961";"12657.09961";"25056.12";"0.00";"IST";"PT";"1d 8h 15m";"-366.24"
"833";"USTEC_ICM_UTC2";"Buy";"12578.8";"12496.3";"2020.12.09 17:15:00";"2020.12.09 19:45:00";"30.0";"-2475.00";"12496.29980";"12661.29980";"22581.12";"0.00";"IST";"SL";"2h 30m";"-0.00"
"834";"USTEC_ICM_UTC2";"Buy";"12436.9";"12354.4";"2020.12.10 18:30:00";"2020.12.10 19:55:00";"30.0";"-2475.00";"12354.40039";"12519.40039";"20106.12";"0.00";"IST";"SL";"1h 25m";"-0.00"
"835";"USTEC_ICM_UTC2";"Buy";"12279.1";"12361.6";"2020.12.11 16:45:00";"2020.12.11 21:47:00";"30.0";"2475.00";"12196.59961";"12361.59961";"22581.12";"0.00";"IST";"PT";"5h 2m";"-0.00"
"836";"USTEC_ICM_UTC2";"Buy";"12519.3";"12436.8";"2020.12.14 17:00:00";"2020.12.15 04:22:00";"30.0";"-2658.12";"12436.79980";"12601.79980";"19923.00";"0.00";"IST";"SL";"11h 22m";"-183.12"
"837";"USTEC_ICM_UTC2";"Buy";"12560.8";"12478.3";"2020.12.15 16:30:00";"2020.12.15 18:06:00";"30.0";"-2475.00";"12478.29980";"12643.29980";"17448.00";"0.00";"IST";"SL";"1h 36m";"-0.00"
"838";"USTEC_ICM_UTC2";"Buy";"12652.4";"12734.9";"2020.12.16 19:00:00";"2020.12.17 10:08:00";"30.0";"2291.88";"12569.90039";"12734.90039";"19739.88";"0.00";"IST";"PT";"15h 8m";"-183.12"
"839";"USTEC_ICM_UTC2";"Buy";"12737.8";"12655.3";"2020.12.17 17:00:00";"2020.12.18 21:57:00";"30.0";"-2658.12";"12655.29980";"12820.29980";"17081.76";"0.00";"IST";"SL";"1d 4h 57m";"-183.12"
"840";"USTEC_ICM_UTC2";"Buy";"12627.8";"12710.3";"2020.12.21 19:30:00";"2020.12.22 01:00:00";"30.0";"2291.88";"12545.29980";"12710.29980";"19373.64";"0.00";"IST";"PT";"5h 30m";"-183.12"
"841";"USTEC_ICM_UTC2";"Buy";"12690.0";"12607.5";"2020.12.22 18:30:00";"2020.12.22 18:43:00";"30.0";"-2475.00";"12607.50000";"12772.50000";"16898.64";"0.00";"IST";"SL";"13m 0s";"-0.00"
"842";"USTEC_ICM_UTC2";"Buy";"12722.5";"12640.0";"2020.12.23 21:15:00";"2020.12.23 23:05:00";"30.0";"-2475.00";"12640.00000";"12805.00000";"14423.64";"0.00";"IST";"SL";"1h 50m";"-0.00"
"843";"USTEC_ICM_UTC2";"Buy";"12717.6";"12800.1";"2020.12.24 17:30:00";"2020.12.28 09:28:00";"30.0";"1742.52";"12635.09961";"12800.09961";"16166.16";"0.00";"IST";"PT";"3d 15h 58m";"-732.48"
"844";"USTEC_ICM_UTC2";"Buy";"12805.9";"12888.4";"2020.12.28 16:45:00";"2020.12.29 07:46:00";"30.0";"2291.88";"12723.40039";"12888.40039";"18458.04";"0.00";"IST";"PT";"15h 1m";"-183.12"
"845";"USTEC_ICM_UTC2";"Buy";"12872.5";"12883.9";"2020.12.29 18:45:00";"2020.12.31 23:14:00";"30.0";"341.97";"12790.00000";"12955.00000";"18800.01";"0.00";"IST";"EndTest";"2d 4h 29m";"-0.00"
