"Ticket";"Symbol";"Type";"Open price";"Close price";"Open time";"Close time";"Size";"Profit/Loss";"Stop Loss price level";"Profit Target price level";"Balance";"Slippage ($)";"Sample type";"Close type";"Time in trade";"Comm/Swap"
"1";"USATECHIDXUSD_ICM";"Buy";"16690.5";"16665.5";"2024.01.02 14:00:00";"2024.01.02 14:00:00";"40.0";"-1000.00";"16665.50000";"16698.00000";"49000.00";"0.00";"IST";"SL";"0s";"-0.00"
"2";"USATECHIDXUSD_ICM";"Buy";"16467.1";"16474.6";"2024.01.03 12:00:00";"2024.01.03 12:00:00";"40.0";"300.00";"16442.09961";"16474.59961";"49300.00";"0.00";"IST";"PT";"0s";"-0.00"
"3";"USATECHIDXUSD_ICM";"Buy";"16353.4";"16328.4";"2024.01.04 15:00:00";"2024.01.04 15:00:00";"40.0";"-1000.00";"16328.40039";"16360.90039";"48300.00";"0.00";"IST";"SL";"0s";"-0.00"
"4";"USATECHIDXUSD_ICM";"Buy";"16251.4";"16258.9";"2024.01.05 09:00:00";"2024.01.05 09:00:00";"40.0";"300.00";"16226.40039";"16258.90039";"48600.00";"0.00";"IST";"PT";"0s";"-0.00"
"5";"USATECHIDXUSD_ICM";"Buy";"16283.1";"16290.6";"2024.01.08 08:00:00";"2024.01.08 08:00:00";"40.0";"300.00";"16258.09961";"16290.59961";"48900.00";"0.00";"IST";"PT";"0s";"-0.00"
"6";"USATECHIDXUSD_ICM";"Buy";"16610.9";"16585.9";"2024.01.09 10:00:00";"2024.01.09 10:00:00";"40.0";"-1000.00";"16585.90039";"16618.40039";"47900.00";"0.00";"IST";"SL";"0s";"-0.00"
"7";"USATECHIDXUSD_ICM";"Buy";"16676.1";"16683.6";"2024.01.10 08:00:00";"2024.01.10 09:00:00";"40.0";"300.00";"16651.09961";"16683.59961";"48200.00";"0.00";"IST";"PT";"1h 0m";"-0.00"
"8";"USATECHIDXUSD_ICM";"Buy";"16857.1";"16864.6";"2024.01.11 13:00:00";"2024.01.11 13:00:00";"40.0";"300.00";"16832.09961";"16864.59961";"48500.00";"0.00";"IST";"PT";"0s";"-0.00"
"9";"USATECHIDXUSD_ICM";"Buy";"16805.1";"16812.6";"2024.01.12 08:00:00";"2024.01.12 08:00:00";"40.0";"300.00";"16780.09961";"16812.59961";"48800.00";"0.00";"IST";"PT";"0s";"-0.00"
"10";"USATECHIDXUSD_ICM";"Buy";"16832.7";"16840.2";"2024.01.15 13:00:00";"2024.01.15 14:00:00";"40.0";"300.00";"16807.69922";"16840.19922";"49100.00";"0.00";"IST";"PT";"1h 0m";"-0.00"
"11";"USATECHIDXUSD_ICM";"Buy";"16740.5";"16748.0";"2024.01.16 08:00:00";"2024.01.16 09:00:00";"40.0";"300.00";"16715.50000";"16748.00000";"49400.00";"0.00";"IST";"PT";"1h 0m";"-0.00"
"12";"USATECHIDXUSD_ICM";"Buy";"17023.0";"17030.5";"2024.01.19 08:00:00";"2024.01.19 08:00:00";"40.0";"300.00";"16998.00000";"17030.50000";"49700.00";"0.00";"IST";"PT";"0s";"-0.00"
"13";"USATECHIDXUSD_ICM";"Buy";"17409.1";"17416.6";"2024.01.22 08:00:00";"2024.01.22 08:00:00";"40.0";"300.00";"17384.09961";"17416.59961";"50000.00";"0.00";"IST";"PT";"0s";"-0.00"
"14";"USATECHIDXUSD_ICM";"Buy";"17321.8";"17329.3";"2024.01.23 13:00:00";"2024.01.23 13:00:00";"40.0";"300.00";"17296.80078";"17329.30078";"50300.00";"0.00";"IST";"PT";"0s";"-0.00"
"15";"USATECHIDXUSD_ICM";"Buy";"17524.8";"17532.3";"2024.01.24 11:00:00";"2024.01.24 11:00:00";"40.0";"300.00";"17499.80078";"17532.30078";"50600.00";"0.00";"IST";"PT";"0s";"-0.00"
"16";"USATECHIDXUSD_ICM";"Buy";"17369.1";"17376.6";"2024.01.26 11:00:00";"2024.01.26 11:00:00";"40.0";"300.00";"17344.09961";"17376.59961";"50900.00";"0.00";"IST";"PT";"0s";"-0.00"
"17";"USATECHIDXUSD_ICM";"Buy";"17455.3";"17462.8";"2024.01.29 14:00:00";"2024.01.29 14:00:00";"40.0";"300.00";"17430.30078";"17462.80078";"51200.00";"0.00";"IST";"PT";"0s";"-0.00"
"18";"USATECHIDXUSD_ICM";"Buy";"17588.6";"17563.6";"2024.01.30 14:00:00";"2024.01.30 15:00:00";"40.0";"-1000.00";"17563.59961";"17596.09961";"50200.00";"0.00";"IST";"SL";"1h 0m";"-0.00"
"19";"USATECHIDXUSD_ICM";"Buy";"17324.2";"17331.7";"2024.01.31 09:00:00";"2024.01.31 09:00:00";"40.0";"300.00";"17299.19922";"17331.69922";"50500.00";"0.00";"IST";"PT";"0s";"-0.00"
"20";"USATECHIDXUSD_ICM";"Buy";"17174.5";"17182.0";"2024.02.01 09:00:00";"2024.02.01 09:00:00";"40.0";"300.00";"17149.50000";"17182.00000";"50800.00";"0.00";"IST";"PT";"0s";"-0.00"
"21";"USATECHIDXUSD_ICM";"Buy";"17500.3";"17507.8";"2024.02.02 10:00:00";"2024.02.02 10:00:00";"40.0";"300.00";"17475.30078";"17507.80078";"51100.00";"0.00";"IST";"PT";"0s";"-0.00"
"22";"USATECHIDXUSD_ICM";"Buy";"17648.8";"17623.8";"2024.02.06 13:00:00";"2024.02.06 13:00:00";"40.0";"-1000.00";"17623.80078";"17656.30078";"50100.00";"0.00";"IST";"SL";"0s";"-0.00"
"23";"USATECHIDXUSD_ICM";"Buy";"17562.1";"17569.6";"2024.02.07 09:00:00";"2024.02.07 10:00:00";"40.0";"300.00";"17537.09961";"17569.59961";"50400.00";"0.00";"IST";"PT";"1h 0m";"-0.00"
"24";"USATECHIDXUSD_ICM";"Buy";"17753.8";"17761.3";"2024.02.08 11:00:00";"2024.02.08 11:00:00";"40.0";"300.00";"17728.80078";"17761.30078";"50700.00";"0.00";"IST";"PT";"0s";"-0.00"
"25";"USATECHIDXUSD_ICM";"Buy";"17837.1";"17844.6";"2024.02.09 14:00:00";"2024.02.09 14:00:00";"40.0";"300.00";"17812.09961";"17844.59961";"51000.00";"0.00";"IST";"PT";"0s";"-0.00"
"26";"USATECHIDXUSD_ICM";"Buy";"17937.9";"17945.4";"2024.02.12 08:00:00";"2024.02.12 08:00:00";"40.0";"300.00";"17912.90039";"17945.40039";"51300.00";"0.00";"IST";"PT";"0s";"-0.00"
"27";"USATECHIDXUSD_ICM";"Buy";"17793.5";"17768.5";"2024.02.13 12:00:00";"2024.02.13 12:00:00";"40.0";"-1000.00";"17768.50000";"17801.00000";"50300.00";"0.00";"IST";"SL";"0s";"-0.00"
"28";"USATECHIDXUSD_ICM";"Buy";"17829.9";"17837.4";"2024.02.15 13:00:00";"2024.02.15 13:00:00";"40.0";"300.00";"17804.90039";"17837.40039";"50600.00";"0.00";"IST";"PT";"0s";"-0.00"
"29";"USATECHIDXUSD_ICM";"Buy";"17697.5";"17705.0";"2024.02.19 10:00:00";"2024.02.19 10:00:00";"40.0";"300.00";"17672.50000";"17705.00000";"50900.00";"0.00";"IST";"PT";"0s";"-0.00"
"30";"USATECHIDXUSD_ICM";"Buy";"17648.6";"17656.1";"2024.02.20 09:00:00";"2024.02.20 09:00:00";"40.0";"300.00";"17623.59961";"17656.09961";"51200.00";"0.00";"IST";"PT";"0s";"-0.00"
"31";"USATECHIDXUSD_ICM";"Buy";"17460.3";"17467.8";"2024.02.21 11:00:00";"2024.02.21 11:00:00";"40.0";"300.00";"17435.30078";"17467.80078";"51500.00";"0.00";"IST";"PT";"0s";"-0.00"
"32";"USATECHIDXUSD_ICM";"Buy";"17967.1";"17974.6";"2024.02.23 12:00:00";"2024.02.23 12:00:00";"40.0";"300.00";"17942.09961";"17974.59961";"51800.00";"0.00";"IST";"PT";"0s";"-0.00"
"33";"USATECHIDXUSD_ICM";"Buy";"17930.5";"17938.0";"2024.02.26 15:00:00";"2024.02.26 15:00:00";"40.0";"300.00";"17905.50000";"17938.00000";"52100.00";"0.00";"IST";"PT";"0s";"-0.00"
"34";"USATECHIDXUSD_ICM";"Buy";"17900.4";"17907.9";"2024.02.27 09:00:00";"2024.02.27 09:00:00";"40.0";"300.00";"17875.40039";"17907.90039";"52400.00";"0.00";"IST";"PT";"0s";"-0.00"
"35";"USATECHIDXUSD_ICM";"Buy";"17853.5";"17861.0";"2024.02.28 12:00:00";"2024.02.28 12:00:00";"40.0";"300.00";"17828.50000";"17861.00000";"52700.00";"0.00";"IST";"PT";"0s";"-0.00"
"36";"USATECHIDXUSD_ICM";"Buy";"17827.1";"17834.6";"2024.02.29 11:00:00";"2024.02.29 11:00:00";"40.0";"300.00";"17802.09961";"17834.59961";"53000.00";"0.00";"IST";"PT";"0s";"-0.00"
"37";"USATECHIDXUSD_ICM";"Buy";"18101.4";"18108.9";"2024.03.01 09:00:00";"2024.03.01 09:00:00";"40.0";"300.00";"18076.40039";"18108.90039";"53300.00";"0.00";"IST";"PT";"0s";"-0.00"
"38";"USATECHIDXUSD_ICM";"Buy";"18311.4";"18318.9";"2024.03.04 08:00:00";"2024.03.04 08:00:00";"40.0";"300.00";"18286.40039";"18318.90039";"53600.00";"0.00";"IST";"PT";"0s";"-0.00"
"39";"USATECHIDXUSD_ICM";"Buy";"18142.4";"18149.9";"2024.03.05 10:00:00";"2024.03.05 10:00:00";"40.0";"300.00";"18117.40039";"18149.90039";"53900.00";"0.00";"IST";"PT";"0s";"-0.00"
"40";"USATECHIDXUSD_ICM";"Buy";"18271.7";"18279.2";"2024.03.08 14:00:00";"2024.03.08 14:00:00";"40.0";"300.00";"18246.69922";"18279.19922";"54200.00";"0.00";"IST";"PT";"0s";"-0.00"
"41";"USATECHIDXUSD_ICM";"Buy";"18022.8";"18030.3";"2024.03.12 12:00:00";"2024.03.12 12:00:00";"40.0";"300.00";"17997.80078";"18030.30078";"54500.00";"0.00";"IST";"PT";"0s";"-0.00"
"42";"USATECHIDXUSD_ICM";"Buy";"18215.6";"18223.1";"2024.03.13 14:00:00";"2024.03.13 14:00:00";"40.0";"300.00";"18190.59961";"18223.09961";"54800.00";"0.00";"IST";"PT";"0s";"-0.00"
"43";"USATECHIDXUSD_ICM";"Buy";"17970.4";"17977.9";"2024.03.15 10:00:00";"2024.03.15 10:00:00";"40.0";"300.00";"17945.40039";"17977.90039";"55100.00";"0.00";"IST";"PT";"0s";"-0.00"
"44";"USATECHIDXUSD_ICM";"Buy";"18363.0";"18370.5";"2024.03.21 14:00:00";"2024.03.21 14:00:00";"40.0";"300.00";"18338.00000";"18370.50000";"55400.00";"0.00";"IST";"PT";"0s";"-0.00"
"45";"USATECHIDXUSD_ICM";"Buy";"18323.8";"18331.3";"2024.03.22 11:00:00";"2024.03.22 11:00:00";"40.0";"300.00";"18298.80078";"18331.30078";"55700.00";"0.00";"IST";"PT";"0s";"-0.00"
"46";"USATECHIDXUSD_ICM";"Buy";"18311.8";"18319.3";"2024.03.25 10:00:00";"2024.03.25 11:00:00";"40.0";"300.00";"18286.80078";"18319.30078";"56000.00";"0.00";"IST";"PT";"1h 0m";"-0.00"
"47";"USATECHIDXUSD_ICM";"Buy";"18304.8";"18312.3";"2024.03.26 08:00:00";"2024.03.26 08:00:00";"40.0";"300.00";"18279.80078";"18312.30078";"56300.00";"0.00";"IST";"PT";"0s";"-0.00"
"48";"USATECHIDXUSD_ICM";"Buy";"18290.8";"18298.3";"2024.03.27 12:00:00";"2024.03.27 12:00:00";"40.0";"300.00";"18265.80078";"18298.30078";"56600.00";"0.00";"IST";"PT";"0s";"-0.00"
"49";"USATECHIDXUSD_ICM";"Buy";"18285.6";"18293.1";"2024.03.28 11:00:00";"2024.03.28 11:00:00";"40.0";"300.00";"18260.59961";"18293.09961";"56900.00";"0.00";"IST";"PT";"0s";"-0.00"
"50";"USATECHIDXUSD_ICM";"Buy";"18372.1";"18379.6";"2024.04.01 08:00:00";"2024.04.01 10:00:00";"40.0";"300.00";"18347.09961";"18379.59961";"57200.00";"0.00";"IST";"PT";"2h 0m";"-0.00"
"51";"USATECHIDXUSD_ICM";"Buy";"18259.3";"18266.8";"2024.04.02 09:00:00";"2024.04.02 09:00:00";"40.0";"300.00";"18234.30078";"18266.80078";"57500.00";"0.00";"IST";"PT";"0s";"-0.00"
"52";"USATECHIDXUSD_ICM";"Buy";"18078.2";"18085.7";"2024.04.03 10:00:00";"2024.04.03 10:00:00";"40.0";"300.00";"18053.19922";"18085.69922";"57800.00";"0.00";"IST";"PT";"0s";"-0.00"
"53";"USATECHIDXUSD_ICM";"Buy";"18079.2";"18086.7";"2024.04.08 12:00:00";"2024.04.08 12:00:00";"40.0";"300.00";"18054.19922";"18086.69922";"58100.00";"0.00";"IST";"PT";"0s";"-0.00"
"54";"USATECHIDXUSD_ICM";"Buy";"18084.3";"18091.8";"2024.04.09 11:00:00";"2024.04.09 11:00:00";"40.0";"300.00";"18059.30078";"18091.80078";"58400.00";"0.00";"IST";"PT";"0s";"-0.00"
"55";"USATECHIDXUSD_ICM";"Buy";"18181.4";"18188.9";"2024.04.10 09:00:00";"2024.04.10 09:00:00";"40.0";"300.00";"18156.40039";"18188.90039";"58700.00";"0.00";"IST";"PT";"0s";"-0.00"
"56";"USATECHIDXUSD_ICM";"Buy";"18023.2";"18030.7";"2024.04.11 11:00:00";"2024.04.11 11:00:00";"40.0";"300.00";"17998.19922";"18030.69922";"59000.00";"0.00";"IST";"PT";"0s";"-0.00"
"57";"USATECHIDXUSD_ICM";"Buy";"18244.8";"18219.8";"2024.04.12 13:00:00";"2024.04.12 13:00:00";"40.0";"-1000.00";"18219.80078";"18252.30078";"58000.00";"0.00";"IST";"SL";"0s";"-0.00"
"58";"USATECHIDXUSD_ICM";"Buy";"17713.4";"17720.9";"2024.04.17 11:00:00";"2024.04.17 11:00:00";"40.0";"300.00";"17688.40039";"17720.90039";"58300.00";"0.00";"IST";"PT";"0s";"-0.00"
"59";"USATECHIDXUSD_ICM";"Buy";"17555.2";"17562.7";"2024.04.18 13:00:00";"2024.04.18 13:00:00";"40.0";"300.00";"17530.19922";"17562.69922";"58600.00";"0.00";"IST";"PT";"0s";"-0.00"
"60";"USATECHIDXUSD_ICM";"Buy";"17558.1";"17565.6";"2024.04.24 12:00:00";"2024.04.24 12:00:00";"40.0";"300.00";"17533.09961";"17565.59961";"58900.00";"0.00";"IST";"PT";"0s";"-0.00"
"61";"USATECHIDXUSD_ICM";"Buy";"17322.3";"17329.8";"2024.04.25 10:00:00";"2024.04.25 10:00:00";"40.0";"300.00";"17297.30078";"17329.80078";"59200.00";"0.00";"IST";"PT";"0s";"-0.00"
"62";"USATECHIDXUSD_ICM";"Buy";"17601.2";"17608.7";"2024.04.26 13:00:00";"2024.04.26 13:00:00";"40.0";"300.00";"17576.19922";"17608.69922";"59500.00";"0.00";"IST";"PT";"0s";"-0.00"
"63";"USATECHIDXUSD_ICM";"Buy";"17777.3";"17784.8";"2024.04.29 11:00:00";"2024.04.29 11:00:00";"40.0";"300.00";"17752.30078";"17784.80078";"59800.00";"0.00";"IST";"PT";"0s";"-0.00"
"64";"USATECHIDXUSD_ICM";"Buy";"17776.1";"17751.1";"2024.04.30 10:00:00";"2024.04.30 11:00:00";"40.0";"-1000.00";"17751.09961";"17783.59961";"58800.00";"0.00";"IST";"SL";"1h 0m";"-0.00"
"65";"USATECHIDXUSD_ICM";"Buy";"17366.4";"17373.9";"2024.05.01 10:00:00";"2024.05.01 10:00:00";"40.0";"300.00";"17341.40039";"17373.90039";"59100.00";"0.00";"IST";"PT";"0s";"-0.00"
"66";"USATECHIDXUSD_ICM";"Buy";"17429.6";"17437.1";"2024.05.02 09:00:00";"2024.05.02 09:00:00";"40.0";"300.00";"17404.59961";"17437.09961";"59400.00";"0.00";"IST";"PT";"0s";"-0.00"
"67";"USATECHIDXUSD_ICM";"Buy";"17645.3";"17652.8";"2024.05.03 08:00:00";"2024.05.03 08:00:00";"40.0";"300.00";"17620.30078";"17652.80078";"59700.00";"0.00";"IST";"PT";"0s";"-0.00"
"68";"USATECHIDXUSD_ICM";"Buy";"17886.6";"17894.1";"2024.05.06 09:00:00";"2024.05.06 09:00:00";"40.0";"300.00";"17861.59961";"17894.09961";"60000.00";"0.00";"IST";"PT";"0s";"-0.00"
"69";"USATECHIDXUSD_ICM";"Buy";"18059.6";"18067.1";"2024.05.07 15:00:00";"2024.05.07 15:00:00";"40.0";"300.00";"18034.59961";"18067.09961";"60300.00";"0.00";"IST";"PT";"0s";"-0.00"
"70";"USATECHIDXUSD_ICM";"Buy";"18080.1";"18087.6";"2024.05.08 08:00:00";"2024.05.08 08:00:00";"40.0";"300.00";"18055.09961";"18087.59961";"60600.00";"0.00";"IST";"PT";"0s";"-0.00"
"71";"USATECHIDXUSD_ICM";"Buy";"18050.4";"18057.9";"2024.05.09 08:00:00";"2024.05.09 10:00:00";"40.0";"300.00";"18025.40039";"18057.90039";"60900.00";"0.00";"IST";"PT";"2h 0m";"-0.00"
"72";"USATECHIDXUSD_ICM";"Buy";"18176.2";"18183.7";"2024.05.14 08:00:00";"2024.05.14 08:00:00";"40.0";"300.00";"18151.19922";"18183.69922";"61200.00";"0.00";"IST";"PT";"0s";"-0.00"
"73";"USATECHIDXUSD_ICM";"Buy";"18317.2";"18324.7";"2024.05.15 09:00:00";"2024.05.15 15:00:00";"40.0";"300.00";"18292.19922";"18324.69922";"61500.00";"0.00";"IST";"PT";"6h 0m";"-0.00"
"74";"USATECHIDXUSD_ICM";"Buy";"18622.1";"18629.6";"2024.05.16 10:00:00";"2024.05.16 10:00:00";"40.0";"300.00";"18597.09961";"18629.59961";"61800.00";"0.00";"IST";"PT";"0s";"-0.00"
"75";"USATECHIDXUSD_ICM";"Buy";"18566.3";"18573.8";"2024.05.17 08:00:00";"2024.05.17 09:00:00";"40.0";"300.00";"18541.30078";"18573.80078";"62100.00";"0.00";"IST";"PT";"1h 0m";"-0.00"
"76";"USATECHIDXUSD_ICM";"Buy";"18584.3";"18591.8";"2024.05.20 13:00:00";"2024.05.20 14:00:00";"40.0";"300.00";"18559.30078";"18591.80078";"62400.00";"0.00";"IST";"PT";"1h 0m";"-0.00"
"77";"USATECHIDXUSD_ICM";"Buy";"18666.7";"18641.7";"2024.05.21 14:00:00";"2024.05.21 15:00:00";"40.0";"-1000.00";"18641.69922";"18674.19922";"61400.00";"0.00";"IST";"SL";"1h 0m";"-0.00"
"78";"USATECHIDXUSD_ICM";"Buy";"18724.3";"18731.8";"2024.05.22 08:00:00";"2024.05.22 08:00:00";"40.0";"300.00";"18699.30078";"18731.80078";"61700.00";"0.00";"IST";"PT";"0s";"-0.00"
"79";"USATECHIDXUSD_ICM";"Buy";"18865.6";"18873.1";"2024.05.23 10:00:00";"2024.05.23 10:00:00";"40.0";"300.00";"18840.59961";"18873.09961";"62000.00";"0.00";"IST";"PT";"0s";"-0.00"
"80";"USATECHIDXUSD_ICM";"Buy";"18635.9";"18643.4";"2024.05.24 11:00:00";"2024.05.24 11:00:00";"40.0";"300.00";"18610.90039";"18643.40039";"62300.00";"0.00";"IST";"PT";"0s";"-0.00"
"81";"USATECHIDXUSD_ICM";"Buy";"18857.1";"18832.1";"2024.05.28 15:00:00";"2024.05.28 15:00:00";"40.0";"-1000.00";"18832.09961";"18864.59961";"61300.00";"0.00";"IST";"SL";"0s";"-0.00"
"82";"USATECHIDXUSD_ICM";"Buy";"18830.7";"18805.7";"2024.05.29 08:00:00";"2024.05.29 08:00:00";"40.0";"-1000.00";"18805.69922";"18838.19922";"60300.00";"0.00";"IST";"SL";"0s";"-0.00"
"83";"USATECHIDXUSD_ICM";"Buy";"18617.3";"18624.8";"2024.05.30 08:00:00";"2024.05.30 10:00:00";"40.0";"300.00";"18592.30078";"18624.80078";"60600.00";"0.00";"IST";"PT";"2h 0m";"-0.00"
"84";"USATECHIDXUSD_ICM";"Buy";"18487.3";"18462.3";"2024.05.31 10:00:00";"2024.05.31 10:00:00";"40.0";"-1000.00";"18462.30078";"18494.80078";"59600.00";"0.00";"IST";"SL";"0s";"-0.00"
"85";"USATECHIDXUSD_ICM";"Buy";"18600.3";"18575.3";"2024.06.04 08:00:00";"2024.06.04 09:00:00";"40.0";"-1000.00";"18575.30078";"18607.80078";"58600.00";"0.00";"IST";"SL";"1h 0m";"-0.00"
"86";"USATECHIDXUSD_ICM";"Buy";"18681.7";"18689.2";"2024.06.05 11:00:00";"2024.06.05 11:00:00";"40.0";"300.00";"18656.69922";"18689.19922";"58900.00";"0.00";"IST";"PT";"0s";"-0.00"
"87";"USATECHIDXUSD_ICM";"Buy";"19045.3";"19052.8";"2024.06.06 10:00:00";"2024.06.06 10:00:00";"40.0";"300.00";"19020.30078";"19052.80078";"59200.00";"0.00";"IST";"PT";"0s";"-0.00"
"88";"USATECHIDXUSD_ICM";"Buy";"19046.3";"19053.8";"2024.06.07 11:00:00";"2024.06.07 11:00:00";"40.0";"300.00";"19021.30078";"19053.80078";"59500.00";"0.00";"IST";"PT";"0s";"-0.00"
"89";"USATECHIDXUSD_ICM";"Buy";"18970.7";"18978.2";"2024.06.10 10:00:00";"2024.06.10 10:00:00";"40.0";"300.00";"18945.69922";"18978.19922";"59800.00";"0.00";"IST";"PT";"0s";"-0.00"
"90";"USATECHIDXUSD_ICM";"Buy";"19054.7";"19062.2";"2024.06.11 08:00:00";"2024.06.11 08:00:00";"40.0";"300.00";"19029.69922";"19062.19922";"60100.00";"0.00";"IST";"PT";"0s";"-0.00"
"91";"USATECHIDXUSD_ICM";"Buy";"19224.2";"19231.7";"2024.06.12 10:00:00";"2024.06.12 11:00:00";"40.0";"300.00";"19199.19922";"19231.69922";"60400.00";"0.00";"IST";"PT";"1h 0m";"-0.00"
"92";"USATECHIDXUSD_ICM";"Buy";"19620.3";"19627.8";"2024.06.13 10:00:00";"2024.06.13 10:00:00";"40.0";"300.00";"19595.30078";"19627.80078";"60700.00";"0.00";"IST";"PT";"0s";"-0.00"
"93";"USATECHIDXUSD_ICM";"Buy";"19592.7";"19600.2";"2024.06.14 12:00:00";"2024.06.14 12:00:00";"40.0";"300.00";"19567.69922";"19600.19922";"61000.00";"0.00";"IST";"PT";"0s";"-0.00"
"94";"USATECHIDXUSD_ICM";"Buy";"19688.3";"19695.8";"2024.06.17 12:00:00";"2024.06.17 12:00:00";"40.0";"300.00";"19663.30078";"19695.80078";"61300.00";"0.00";"IST";"PT";"0s";"-0.00"
"95";"USATECHIDXUSD_ICM";"Buy";"20043.5";"20018.5";"2024.06.20 12:00:00";"2024.06.20 14:00:00";"40.0";"-1000.00";"20018.50000";"20051.00000";"60300.00";"0.00";"IST";"SL";"2h 0m";"-0.00"
"96";"USATECHIDXUSD_ICM";"Buy";"19737.8";"19712.8";"2024.06.21 13:00:00";"2024.06.21 13:00:00";"40.0";"-1000.00";"19712.80078";"19745.30078";"59300.00";"0.00";"IST";"SL";"0s";"-0.00"
"97";"USATECHIDXUSD_ICM";"Buy";"19549.9";"19557.4";"2024.06.25 12:00:00";"2024.06.25 12:00:00";"40.0";"300.00";"19524.90039";"19557.40039";"59600.00";"0.00";"IST";"PT";"0s";"-0.00"
"98";"USATECHIDXUSD_ICM";"Buy";"19736.7";"19711.7";"2024.06.26 15:00:00";"2024.06.26 15:00:00";"40.0";"-1000.00";"19711.69922";"19744.19922";"58600.00";"0.00";"IST";"SL";"0s";"-0.00"
"99";"USATECHIDXUSD_ICM";"Buy";"19854.3";"19861.8";"2024.06.28 11:00:00";"2024.06.28 11:00:00";"40.0";"300.00";"19829.30078";"19861.80078";"58900.00";"0.00";"IST";"PT";"0s";"-0.00"
"100";"USATECHIDXUSD_ICM";"Buy";"19736.9";"19744.4";"2024.07.01 08:00:00";"2024.07.01 08:00:00";"40.0";"300.00";"19711.90039";"19744.40039";"59200.00";"0.00";"IST";"PT";"0s";"-0.00"
"101";"USATECHIDXUSD_ICM";"Buy";"19742.7";"19750.2";"2024.07.02 08:00:00";"2024.07.02 08:00:00";"40.0";"300.00";"19717.69922";"19750.19922";"59500.00";"0.00";"IST";"PT";"0s";"-0.00"
"102";"USATECHIDXUSD_ICM";"Buy";"20008.8";"19983.8";"2024.07.03 15:00:00";"2024.07.03 15:00:00";"40.0";"-1000.00";"19983.80078";"20016.30078";"58500.00";"0.00";"IST";"SL";"0s";"-0.00"
"103";"USATECHIDXUSD_ICM";"Buy";"20164.7";"20139.7";"2024.07.04 08:00:00";"2024.07.04 17:00:00";"40.0";"-1000.00";"20139.69922";"20172.19922";"57500.00";"0.00";"IST";"SL";"9h 0m";"-0.00"
"104";"USATECHIDXUSD_ICM";"Buy";"20209.5";"20217.0";"2024.07.05 11:00:00";"2024.07.05 11:00:00";"40.0";"300.00";"20184.50000";"20217.00000";"57800.00";"0.00";"IST";"PT";"0s";"-0.00"
"105";"USATECHIDXUSD_ICM";"Buy";"20352.4";"20359.9";"2024.07.08 09:00:00";"2024.07.08 09:00:00";"40.0";"300.00";"20327.40039";"20359.90039";"58100.00";"0.00";"IST";"PT";"0s";"-0.00"
"106";"USATECHIDXUSD_ICM";"Buy";"20500.2";"20507.7";"2024.07.09 10:00:00";"2024.07.09 10:00:00";"40.0";"300.00";"20475.19922";"20507.69922";"58400.00";"0.00";"IST";"PT";"0s";"-0.00"
"107";"USATECHIDXUSD_ICM";"Buy";"20473.2";"20480.7";"2024.07.10 09:00:00";"2024.07.10 09:00:00";"40.0";"300.00";"20448.19922";"20480.69922";"58700.00";"0.00";"IST";"PT";"0s";"-0.00"
"108";"USATECHIDXUSD_ICM";"Buy";"20656.2";"20663.7";"2024.07.11 10:00:00";"2024.07.11 11:00:00";"40.0";"300.00";"20631.19922";"20663.69922";"59000.00";"0.00";"IST";"PT";"1h 0m";"-0.00"
"109";"USATECHIDXUSD_ICM";"Buy";"19860.5";"19868.0";"2024.07.18 08:00:00";"2024.07.18 08:00:00";"40.0";"300.00";"19835.50000";"19868.00000";"59300.00";"0.00";"IST";"PT";"0s";"-0.00"
"110";"USATECHIDXUSD_ICM";"Buy";"19688.0";"19695.5";"2024.07.19 14:00:00";"2024.07.19 14:00:00";"40.0";"300.00";"19663.00000";"19695.50000";"59600.00";"0.00";"IST";"PT";"0s";"-0.00"
"111";"USATECHIDXUSD_ICM";"Buy";"19755.6";"19730.6";"2024.07.23 09:00:00";"2024.07.23 09:00:00";"40.0";"-1000.00";"19730.59961";"19763.09961";"58600.00";"0.00";"IST";"SL";"0s";"-0.00"
"112";"USATECHIDXUSD_ICM";"Buy";"19592.4";"19599.9";"2024.07.24 09:00:00";"2024.07.24 09:00:00";"40.0";"300.00";"19567.40039";"19599.90039";"58900.00";"0.00";"IST";"PT";"0s";"-0.00"
"113";"USATECHIDXUSD_ICM";"Buy";"19092.8";"19100.3";"2024.07.25 08:00:00";"2024.07.25 08:00:00";"40.0";"300.00";"19067.80078";"19100.30078";"59200.00";"0.00";"IST";"PT";"0s";"-0.00"
"114";"USATECHIDXUSD_ICM";"Buy";"19100.4";"19107.9";"2024.07.29 12:00:00";"2024.07.29 12:00:00";"40.0";"300.00";"19075.40039";"19107.90039";"59500.00";"0.00";"IST";"PT";"0s";"-0.00"
"115";"USATECHIDXUSD_ICM";"Buy";"19451.6";"19459.1";"2024.08.01 10:00:00";"2024.08.01 10:00:00";"40.0";"300.00";"19426.59961";"19459.09961";"59800.00";"0.00";"IST";"PT";"0s";"-0.00"
"116";"USATECHIDXUSD_ICM";"Buy";"18576.1";"18551.1";"2024.08.02 10:00:00";"2024.08.02 10:00:00";"40.0";"-1000.00";"18551.09961";"18583.59961";"58800.00";"0.00";"IST";"SL";"0s";"-0.00"
"117";"USATECHIDXUSD_ICM";"Buy";"18158.2";"18165.7";"2024.08.06 10:00:00";"2024.08.06 10:00:00";"40.0";"300.00";"18133.19922";"18165.69922";"59100.00";"0.00";"IST";"PT";"0s";"-0.00"
"118";"USATECHIDXUSD_ICM";"Buy";"17835.3";"17842.8";"2024.08.08 13:00:00";"2024.08.08 13:00:00";"40.0";"300.00";"17810.30078";"17842.80078";"59400.00";"0.00";"IST";"PT";"0s";"-0.00"
"119";"USATECHIDXUSD_ICM";"Buy";"18356.0";"18363.5";"2024.08.09 08:00:00";"2024.08.09 08:00:00";"40.0";"300.00";"18331.00000";"18363.50000";"59700.00";"0.00";"IST";"PT";"0s";"-0.00"
"120";"USATECHIDXUSD_ICM";"Buy";"18527.9";"18502.9";"2024.08.12 10:00:00";"2024.08.12 10:00:00";"40.0";"-1000.00";"18502.90039";"18535.40039";"58700.00";"0.00";"IST";"SL";"0s";"-0.00"
"121";"USATECHIDXUSD_ICM";"Buy";"18563.4";"18570.9";"2024.08.13 14:00:00";"2024.08.13 14:00:00";"40.0";"300.00";"18538.40039";"18570.90039";"59000.00";"0.00";"IST";"PT";"0s";"-0.00"
"122";"USATECHIDXUSD_ICM";"Buy";"19017.1";"19024.6";"2024.08.14 09:00:00";"2024.08.14 09:00:00";"40.0";"300.00";"18992.09961";"19024.59961";"59300.00";"0.00";"IST";"PT";"0s";"-0.00"
"123";"USATECHIDXUSD_ICM";"Buy";"19098.7";"19073.7";"2024.08.15 11:00:00";"2024.08.15 11:00:00";"40.0";"-1000.00";"19073.69922";"19106.19922";"58300.00";"0.00";"IST";"SL";"0s";"-0.00"
"124";"USATECHIDXUSD_ICM";"Buy";"19528.2";"19535.7";"2024.08.16 12:00:00";"2024.08.16 12:00:00";"40.0";"300.00";"19503.19922";"19535.69922";"58600.00";"0.00";"IST";"PT";"0s";"-0.00"
"125";"USATECHIDXUSD_ICM";"Buy";"19492.3";"19499.8";"2024.08.19 09:00:00";"2024.08.19 09:00:00";"40.0";"300.00";"19467.30078";"19499.80078";"58900.00";"0.00";"IST";"PT";"0s";"-0.00"
"126";"USATECHIDXUSD_ICM";"Buy";"19795.2";"19802.7";"2024.08.20 09:00:00";"2024.08.20 09:00:00";"40.0";"300.00";"19770.19922";"19802.69922";"59200.00";"0.00";"IST";"PT";"0s";"-0.00"
"127";"USATECHIDXUSD_ICM";"Buy";"19726.9";"19734.4";"2024.08.21 11:00:00";"2024.08.21 11:00:00";"40.0";"300.00";"19701.90039";"19734.40039";"59500.00";"0.00";"IST";"PT";"0s";"-0.00"
"128";"USATECHIDXUSD_ICM";"Buy";"19485.2";"19492.7";"2024.09.02 11:00:00";"2024.09.02 11:00:00";"40.0";"300.00";"19460.19922";"19492.69922";"59800.00";"0.00";"IST";"PT";"0s";"-0.00"
"129";"USATECHIDXUSD_ICM";"Buy";"19505.4";"19512.9";"2024.09.03 08:00:00";"2024.09.03 08:00:00";"40.0";"300.00";"19480.40039";"19512.90039";"60100.00";"0.00";"IST";"PT";"0s";"-0.00"
"130";"USATECHIDXUSD_ICM";"Buy";"18809.1";"18816.6";"2024.09.04 09:00:00";"2024.09.04 09:00:00";"40.0";"300.00";"18784.09961";"18816.59961";"60400.00";"0.00";"IST";"PT";"0s";"-0.00"
"131";"USATECHIDXUSD_ICM";"Buy";"18894.2";"18901.7";"2024.09.05 09:00:00";"2024.09.05 09:00:00";"40.0";"300.00";"18869.19922";"18901.69922";"60700.00";"0.00";"IST";"PT";"0s";"-0.00"
"132";"USATECHIDXUSD_ICM";"Buy";"18837.5";"18845.0";"2024.09.06 09:00:00";"2024.09.06 09:00:00";"40.0";"300.00";"18812.50000";"18845.00000";"61000.00";"0.00";"IST";"PT";"0s";"-0.00"
"133";"USATECHIDXUSD_ICM";"Buy";"18594.0";"18601.5";"2024.09.10 09:00:00";"2024.09.10 09:00:00";"40.0";"300.00";"18569.00000";"18601.50000";"61300.00";"0.00";"IST";"PT";"0s";"-0.00"
"134";"USATECHIDXUSD_ICM";"Buy";"18724.2";"18731.7";"2024.09.11 09:00:00";"2024.09.11 09:00:00";"40.0";"300.00";"18699.19922";"18731.69922";"61600.00";"0.00";"IST";"PT";"0s";"-0.00"
"135";"USATECHIDXUSD_ICM";"Buy";"19276.9";"19284.4";"2024.09.12 10:00:00";"2024.09.12 10:00:00";"40.0";"300.00";"19251.90039";"19284.40039";"61900.00";"0.00";"IST";"PT";"0s";"-0.00"
"136";"USATECHIDXUSD_ICM";"Buy";"19420.6";"19428.1";"2024.09.13 11:00:00";"2024.09.13 11:00:00";"40.0";"300.00";"19395.59961";"19428.09961";"62200.00";"0.00";"IST";"PT";"0s";"-0.00"
"137";"USATECHIDXUSD_ICM";"Buy";"19501.3";"19508.8";"2024.09.16 11:00:00";"2024.09.16 11:00:00";"40.0";"300.00";"19476.30078";"19508.80078";"62500.00";"0.00";"IST";"PT";"0s";"-0.00"
"138";"USATECHIDXUSD_ICM";"Buy";"19464.1";"19471.6";"2024.09.18 13:00:00";"2024.09.18 14:00:00";"40.0";"300.00";"19439.09961";"19471.59961";"62800.00";"0.00";"IST";"PT";"1h 0m";"-0.00"
"139";"USATECHIDXUSD_ICM";"Buy";"19757.0";"19764.5";"2024.09.19 14:00:00";"2024.09.19 14:00:00";"40.0";"300.00";"19732.00000";"19764.50000";"63100.00";"0.00";"IST";"PT";"0s";"-0.00"
"140";"USATECHIDXUSD_ICM";"Buy";"19782.3";"19789.8";"2024.09.20 12:00:00";"2024.09.20 12:00:00";"40.0";"300.00";"19757.30078";"19789.80078";"63400.00";"0.00";"IST";"PT";"0s";"-0.00"
"141";"USATECHIDXUSD_ICM";"Buy";"19876.2";"19851.2";"2024.09.23 09:00:00";"2024.09.23 09:00:00";"40.0";"-1000.00";"19851.19922";"19883.69922";"62400.00";"0.00";"IST";"SL";"0s";"-0.00"
"142";"USATECHIDXUSD_ICM";"Buy";"19882.4";"19889.9";"2024.09.24 15:00:00";"2024.09.24 15:00:00";"40.0";"300.00";"19857.40039";"19889.90039";"62700.00";"0.00";"IST";"PT";"0s";"-0.00"
"143";"USATECHIDXUSD_ICM";"Buy";"19872.1";"19847.1";"2024.09.25 09:00:00";"2024.09.25 09:00:00";"40.0";"-1000.00";"19847.09961";"19879.59961";"61700.00";"0.00";"IST";"SL";"0s";"-0.00"
"144";"USATECHIDXUSD_ICM";"Buy";"20030.4";"20037.9";"2024.09.27 11:00:00";"2024.09.27 11:00:00";"40.0";"300.00";"20005.40039";"20037.90039";"62000.00";"0.00";"IST";"PT";"0s";"-0.00"
"145";"USATECHIDXUSD_ICM";"Buy";"19970.7";"19978.2";"2024.09.30 10:00:00";"2024.09.30 10:00:00";"40.0";"300.00";"19945.69922";"19978.19922";"62300.00";"0.00";"IST";"PT";"0s";"-0.00"
"146";"USATECHIDXUSD_ICM";"Buy";"20046.7";"20054.2";"2024.10.01 08:00:00";"2024.10.01 08:00:00";"40.0";"300.00";"20021.69922";"20054.19922";"62600.00";"0.00";"IST";"PT";"0s";"-0.00"
"147";"USATECHIDXUSD_ICM";"Buy";"19724.7";"19699.7";"2024.10.02 10:00:00";"2024.10.02 10:00:00";"40.0";"-1000.00";"19699.69922";"19732.19922";"61600.00";"0.00";"IST";"SL";"0s";"-0.00"
"148";"USATECHIDXUSD_ICM";"Buy";"19735.7";"19743.2";"2024.10.03 09:00:00";"2024.10.03 09:00:00";"40.0";"300.00";"19710.69922";"19743.19922";"61900.00";"0.00";"IST";"PT";"0s";"-0.00"
"149";"USATECHIDXUSD_ICM";"Buy";"19797.6";"19805.1";"2024.10.04 10:00:00";"2024.10.04 10:00:00";"40.0";"300.00";"19772.59961";"19805.09961";"62200.00";"0.00";"IST";"PT";"0s";"-0.00"
"150";"USATECHIDXUSD_ICM";"Buy";"19899.0";"19906.5";"2024.10.07 13:00:00";"2024.10.07 13:00:00";"40.0";"300.00";"19874.00000";"19906.50000";"62500.00";"0.00";"IST";"PT";"0s";"-0.00"
"151";"USATECHIDXUSD_ICM";"Buy";"19789.3";"19796.8";"2024.10.08 09:00:00";"2024.10.08 09:00:00";"40.0";"300.00";"19764.30078";"19796.80078";"62800.00";"0.00";"IST";"PT";"0s";"-0.00"
"152";"USATECHIDXUSD_ICM";"Buy";"20039.6";"20047.1";"2024.10.09 10:00:00";"2024.10.09 10:00:00";"40.0";"300.00";"20014.59961";"20047.09961";"63100.00";"0.00";"IST";"PT";"0s";"-0.00"
"153";"USATECHIDXUSD_ICM";"Buy";"20253.0";"20260.5";"2024.10.10 09:00:00";"2024.10.10 09:00:00";"40.0";"300.00";"20228.00000";"20260.50000";"63400.00";"0.00";"IST";"PT";"0s";"-0.00"
"154";"USATECHIDXUSD_ICM";"Buy";"20254.1";"20229.1";"2024.10.11 08:00:00";"2024.10.11 10:00:00";"40.0";"-1000.00";"20229.09961";"20261.59961";"62400.00";"0.00";"IST";"SL";"2h 0m";"-0.00"
"155";"USATECHIDXUSD_ICM";"Buy";"20415.0";"20422.5";"2024.10.15 10:00:00";"2024.10.15 10:00:00";"40.0";"300.00";"20390.00000";"20422.50000";"62700.00";"0.00";"IST";"PT";"0s";"-0.00"
"156";"USATECHIDXUSD_ICM";"Buy";"20185.7";"20193.2";"2024.10.16 12:00:00";"2024.10.16 12:00:00";"40.0";"300.00";"20160.69922";"20193.19922";"63000.00";"0.00";"IST";"PT";"0s";"-0.00"
"157";"USATECHIDXUSD_ICM";"Buy";"20284.3";"20291.8";"2024.10.18 14:00:00";"2024.10.18 14:00:00";"40.0";"300.00";"20259.30078";"20291.80078";"63300.00";"0.00";"IST";"PT";"0s";"-0.00"
"158";"USATECHIDXUSD_ICM";"Buy";"20198.8";"20206.3";"2024.10.21 15:00:00";"2024.10.21 15:00:00";"40.0";"300.00";"20173.80078";"20206.30078";"63600.00";"0.00";"IST";"PT";"0s";"-0.00"
"159";"USATECHIDXUSD_ICM";"Buy";"20289.8";"20297.3";"2024.10.22 10:00:00";"2024.10.22 10:00:00";"40.0";"300.00";"20264.80078";"20297.30078";"63900.00";"0.00";"IST";"PT";"0s";"-0.00"
"160";"USATECHIDXUSD_ICM";"Buy";"20332.0";"20339.5";"2024.10.23 12:00:00";"2024.10.23 12:00:00";"40.0";"300.00";"20307.00000";"20339.50000";"64200.00";"0.00";"IST";"PT";"0s";"-0.00"
"161";"USATECHIDXUSD_ICM";"Buy";"20172.9";"20180.4";"2024.10.24 10:00:00";"2024.10.24 10:00:00";"40.0";"300.00";"20147.90039";"20180.40039";"64500.00";"0.00";"IST";"PT";"0s";"-0.00"
"162";"USATECHIDXUSD_ICM";"Buy";"20246.4";"20253.9";"2024.10.25 09:00:00";"2024.10.25 09:00:00";"40.0";"300.00";"20221.40039";"20253.90039";"64800.00";"0.00";"IST";"PT";"0s";"-0.00"
"163";"USATECHIDXUSD_ICM";"Buy";"20465.0";"20472.5";"2024.10.28 09:00:00";"2024.10.28 09:00:00";"40.0";"300.00";"20440.00000";"20472.50000";"65100.00";"0.00";"IST";"PT";"0s";"-0.00"
"164";"USATECHIDXUSD_ICM";"Buy";"20366.7";"20374.2";"2024.10.29 09:00:00";"2024.10.29 09:00:00";"40.0";"300.00";"20341.69922";"20374.19922";"65400.00";"0.00";"IST";"PT";"0s";"-0.00"
"165";"USATECHIDXUSD_ICM";"Buy";"20581.2";"20588.7";"2024.10.30 08:00:00";"2024.10.30 08:00:00";"40.0";"300.00";"20556.19922";"20588.69922";"65700.00";"0.00";"IST";"PT";"0s";"-0.00"
"166";"USATECHIDXUSD_ICM";"Buy";"20271.5";"20246.5";"2024.10.31 08:00:00";"2024.10.31 08:00:00";"40.0";"-1000.00";"20246.50000";"20279.00000";"64700.00";"0.00";"IST";"SL";"0s";"-0.00"
"167";"USATECHIDXUSD_ICM";"Buy";"19971.4";"19978.9";"2024.11.01 12:00:00";"2024.11.01 12:00:00";"40.0";"300.00";"19946.40039";"19978.90039";"65000.00";"0.00";"IST";"PT";"0s";"-0.00"
"168";"USATECHIDXUSD_ICM";"Buy";"20060.6";"20068.1";"2024.11.04 10:00:00";"2024.11.04 10:00:00";"40.0";"300.00";"20035.59961";"20068.09961";"65300.00";"0.00";"IST";"PT";"0s";"-0.00"
"169";"USATECHIDXUSD_ICM";"Buy";"20530.2";"20537.7";"2024.11.06 09:00:00";"2024.11.06 09:00:00";"40.0";"300.00";"20505.19922";"20537.69922";"65600.00";"0.00";"IST";"PT";"0s";"-0.00"
"170";"USATECHIDXUSD_ICM";"Buy";"20817.3";"20824.8";"2024.11.07 12:00:00";"2024.11.07 12:00:00";"40.0";"300.00";"20792.30078";"20824.80078";"65900.00";"0.00";"IST";"PT";"0s";"-0.00"
"171";"USATECHIDXUSD_ICM";"Buy";"21117.3";"21124.8";"2024.11.08 11:00:00";"2024.11.08 11:00:00";"40.0";"300.00";"21092.30078";"21124.80078";"66200.00";"0.00";"IST";"PT";"0s";"-0.00"
"172";"USATECHIDXUSD_ICM";"Buy";"21184.0";"21191.5";"2024.11.11 11:00:00";"2024.11.11 11:00:00";"40.0";"300.00";"21159.00000";"21191.50000";"66500.00";"0.00";"IST";"PT";"0s";"-0.00"
"173";"USATECHIDXUSD_ICM";"Buy";"21101.1";"21108.6";"2024.11.12 10:00:00";"2024.11.12 10:00:00";"40.0";"300.00";"21076.09961";"21108.59961";"66800.00";"0.00";"IST";"PT";"0s";"-0.00"
"174";"USATECHIDXUSD_ICM";"Buy";"21011.7";"21019.2";"2024.11.13 08:00:00";"2024.11.13 08:00:00";"40.0";"300.00";"20986.69922";"21019.19922";"67100.00";"0.00";"IST";"PT";"0s";"-0.00"
"175";"USATECHIDXUSD_ICM";"Buy";"21019.3";"21026.8";"2024.11.14 10:00:00";"2024.11.14 10:00:00";"40.0";"300.00";"20994.30078";"21026.80078";"67400.00";"0.00";"IST";"PT";"0s";"-0.00"
"176";"USATECHIDXUSD_ICM";"Buy";"20502.5";"20510.0";"2024.11.18 10:00:00";"2024.11.18 10:00:00";"40.0";"300.00";"20477.50000";"20510.00000";"67700.00";"0.00";"IST";"PT";"0s";"-0.00"
"177";"USATECHIDXUSD_ICM";"Buy";"20705.3";"20680.3";"2024.11.20 12:00:00";"2024.11.20 12:00:00";"40.0";"-1000.00";"20680.30078";"20712.80078";"66700.00";"0.00";"IST";"SL";"0s";"-0.00"
"178";"USATECHIDXUSD_ICM";"Buy";"20685.8";"20693.3";"2024.11.22 08:00:00";"2024.11.22 08:00:00";"40.0";"300.00";"20660.80078";"20693.30078";"67000.00";"0.00";"IST";"PT";"0s";"-0.00"
"179";"USATECHIDXUSD_ICM";"Buy";"20883.5";"20858.5";"2024.11.25 09:00:00";"2024.11.25 10:00:00";"40.0";"-1000.00";"20858.50000";"20891.00000";"66000.00";"0.00";"IST";"SL";"1h 0m";"-0.00"
"180";"USATECHIDXUSD_ICM";"Buy";"20804.7";"20812.2";"2024.11.26 10:00:00";"2024.11.26 10:00:00";"40.0";"300.00";"20779.69922";"20812.19922";"66300.00";"0.00";"IST";"PT";"0s";"-0.00"
"181";"USATECHIDXUSD_ICM";"Buy";"20885.2";"20892.7";"2024.11.27 08:00:00";"2024.11.27 08:00:00";"40.0";"300.00";"20860.19922";"20892.69922";"66600.00";"0.00";"IST";"PT";"0s";"-0.00"
"182";"USATECHIDXUSD_ICM";"Buy";"20794.0";"20801.5";"2024.11.28 13:00:00";"2024.11.28 14:00:00";"40.0";"300.00";"20769.00000";"20801.50000";"66900.00";"0.00";"IST";"PT";"1h 0m";"-0.00"
"183";"USATECHIDXUSD_ICM";"Buy";"20823.2";"20830.7";"2024.11.29 10:00:00";"2024.11.29 10:00:00";"40.0";"300.00";"20798.19922";"20830.69922";"67200.00";"0.00";"IST";"PT";"0s";"-0.00"
"184";"USATECHIDXUSD_ICM";"Buy";"20911.3";"20918.8";"2024.12.02 14:00:00";"2024.12.02 14:00:00";"40.0";"300.00";"20886.30078";"20918.80078";"67500.00";"0.00";"IST";"PT";"0s";"-0.00"
"185";"USATECHIDXUSD_ICM";"Buy";"21296.0";"21303.5";"2024.12.04 10:00:00";"2024.12.04 10:00:00";"40.0";"300.00";"21271.00000";"21303.50000";"67800.00";"0.00";"IST";"PT";"0s";"-0.00"
"186";"USATECHIDXUSD_ICM";"Buy";"21452.5";"21460.0";"2024.12.05 11:00:00";"2024.12.05 12:00:00";"40.0";"300.00";"21427.50000";"21460.00000";"68100.00";"0.00";"IST";"PT";"1h 0m";"-0.00"
"187";"USATECHIDXUSD_ICM";"Buy";"21415.1";"21422.6";"2024.12.06 14:00:00";"2024.12.06 14:00:00";"40.0";"300.00";"21390.09961";"21422.59961";"68400.00";"0.00";"IST";"PT";"0s";"-0.00"
"188";"USATECHIDXUSD_ICM";"Buy";"21573.1";"21580.6";"2024.12.09 14:00:00";"2024.12.09 14:00:00";"40.0";"300.00";"21548.09961";"21580.59961";"68700.00";"0.00";"IST";"PT";"0s";"-0.00"
"189";"USATECHIDXUSD_ICM";"Buy";"21420.1";"21427.6";"2024.12.10 10:00:00";"2024.12.10 12:00:00";"40.0";"300.00";"21395.09961";"21427.59961";"69000.00";"0.00";"IST";"PT";"2h 0m";"-0.00"
"190";"USATECHIDXUSD_ICM";"Buy";"21379.9";"21387.4";"2024.12.11 10:00:00";"2024.12.11 10:00:00";"40.0";"300.00";"21354.90039";"21387.40039";"69300.00";"0.00";"IST";"PT";"0s";"-0.00"
"191";"USATECHIDXUSD_ICM";"Buy";"21709.3";"21684.3";"2024.12.12 13:00:00";"2024.12.12 14:00:00";"40.0";"-1000.00";"21684.30078";"21716.80078";"68300.00";"0.00";"IST";"SL";"1h 0m";"-0.00"
"192";"USATECHIDXUSD_ICM";"Buy";"21789.4";"21796.9";"2024.12.16 09:00:00";"2024.12.16 10:00:00";"40.0";"300.00";"21764.40039";"21796.90039";"68600.00";"0.00";"IST";"PT";"1h 0m";"-0.00"
"193";"USATECHIDXUSD_ICM";"Buy";"22014.0";"22021.5";"2024.12.18 11:00:00";"2024.12.18 11:00:00";"40.0";"300.00";"21989.00000";"22021.50000";"68900.00";"0.00";"IST";"PT";"0s";"-0.00"
"194";"USATECHIDXUSD_ICM";"Buy";"21277.6";"21285.1";"2024.12.19 14:00:00";"2024.12.19 14:00:00";"40.0";"300.00";"21252.59961";"21285.09961";"69200.00";"0.00";"IST";"PT";"0s";"-0.00"
"195";"USATECHIDXUSD_ICM";"Buy";"20831.9";"20839.4";"2024.12.20 13:00:00";"2024.12.20 13:00:00";"40.0";"300.00";"20806.90039";"20839.40039";"69500.00";"0.00";"IST";"PT";"0s";"-0.00"
"196";"USATECHIDXUSD_ICM";"Buy";"21406.6";"21414.1";"2024.12.23 11:00:00";"2024.12.23 11:00:00";"40.0";"300.00";"21381.59961";"21414.09961";"69800.00";"0.00";"IST";"PT";"0s";"-0.00"
"197";"USATECHIDXUSD_ICM";"Buy";"21738.8";"21746.3";"2024.12.26 11:00:00";"2024.12.26 11:00:00";"40.0";"300.00";"21713.80078";"21746.30078";"70100.00";"0.00";"IST";"PT";"0s";"-0.00"
"198";"USATECHIDXUSD_ICM";"Buy";"21723.7";"21698.7";"2024.12.27 08:00:00";"2024.12.27 08:00:00";"40.0";"-1000.00";"21698.69922";"21731.19922";"69100.00";"0.00";"IST";"SL";"0s";"-0.00"
"199";"USATECHIDXUSD_ICM";"Buy";"21413.8";"21421.3";"2024.12.30 10:00:00";"2024.12.30 10:00:00";"40.0";"300.00";"21388.80078";"21421.30078";"69400.00";"0.00";"IST";"PT";"0s";"-0.00"
"200";"USATECHIDXUSD_ICM";"Buy";"21193.2";"21168.2";"2024.12.31 08:00:00";"2024.12.31 08:00:00";"40.0";"-1000.00";"21168.19922";"21200.69922";"68400.00";"0.00";"IST";"SL";"0s";"-0.00"
"201";"USATECHIDXUSD_ICM";"Buy";"21033.9";"21041.4";"2025.01.03 08:00:00";"2025.01.03 08:00:00";"40.0";"300.00";"21008.90039";"21041.40039";"68700.00";"0.00";"IST";"PT";"0s";"-0.00"
"202";"USATECHIDXUSD_ICM";"Buy";"21539.3";"21514.3";"2025.01.06 15:00:00";"2025.01.06 15:00:00";"40.0";"-1000.00";"21514.30078";"21546.80078";"67700.00";"0.00";"IST";"SL";"0s";"-0.00"
"203";"USATECHIDXUSD_ICM";"Buy";"21541.5";"21549.0";"2025.01.07 10:00:00";"2025.01.07 10:00:00";"40.0";"300.00";"21516.50000";"21549.00000";"68000.00";"0.00";"IST";"PT";"0s";"-0.00"
"204";"USATECHIDXUSD_ICM";"Buy";"21142.3";"21117.3";"2025.01.09 08:00:00";"2025.01.09 09:00:00";"40.0";"-1000.00";"21117.30078";"21149.80078";"67000.00";"0.00";"IST";"SL";"1h 0m";"-0.00"
"205";"USATECHIDXUSD_ICM";"Buy";"21109.7";"21117.2";"2025.01.10 11:00:00";"2025.01.10 11:00:00";"40.0";"300.00";"21084.69922";"21117.19922";"67300.00";"0.00";"IST";"PT";"0s";"-0.00"
"206";"USATECHIDXUSD_ICM";"Buy";"20716.1";"20723.6";"2025.01.13 10:00:00";"2025.01.13 10:00:00";"40.0";"300.00";"20691.09961";"20723.59961";"67600.00";"0.00";"IST";"PT";"0s";"-0.00"
"207";"USATECHIDXUSD_ICM";"Buy";"21340.6";"21315.6";"2025.01.16 14:00:00";"2025.01.16 14:00:00";"40.0";"-1000.00";"21315.59961";"21348.09961";"66600.00";"0.00";"IST";"SL";"0s";"-0.00"
"208";"USATECHIDXUSD_ICM";"Buy";"21123.9";"21131.4";"2025.01.17 10:00:00";"2025.01.17 10:00:00";"40.0";"300.00";"21098.90039";"21131.40039";"66900.00";"0.00";"IST";"PT";"0s";"-0.00"
"209";"USATECHIDXUSD_ICM";"Buy";"21452.7";"21460.2";"2025.01.21 09:00:00";"2025.01.21 09:00:00";"40.0";"300.00";"21427.69922";"21460.19922";"67200.00";"0.00";"IST";"PT";"0s";"-0.00"
"210";"USATECHIDXUSD_ICM";"Buy";"21695.2";"21702.7";"2025.01.22 09:00:00";"2025.01.22 09:00:00";"40.0";"300.00";"21670.19922";"21702.69922";"67500.00";"0.00";"IST";"PT";"0s";"-0.00"
"211";"USATECHIDXUSD_ICM";"Buy";"21731.1";"21738.6";"2025.01.23 11:00:00";"2025.01.23 11:00:00";"40.0";"300.00";"21706.09961";"21738.59961";"67800.00";"0.00";"IST";"PT";"0s";"-0.00"
"212";"USATECHIDXUSD_ICM";"Buy";"21859.1";"21866.6";"2025.01.24 08:00:00";"2025.01.24 08:00:00";"40.0";"300.00";"21834.09961";"21866.59961";"68100.00";"0.00";"IST";"PT";"0s";"-0.00"
"213";"USATECHIDXUSD_ICM";"Buy";"21299.0";"21274.0";"2025.01.27 08:00:00";"2025.01.27 08:00:00";"40.0";"-1000.00";"21274.00000";"21306.50000";"67100.00";"0.00";"IST";"SL";"0s";"-0.00"
"214";"USATECHIDXUSD_ICM";"Buy";"21522.3";"21529.8";"2025.01.30 09:00:00";"2025.01.30 09:00:00";"40.0";"300.00";"21497.30078";"21529.80078";"67400.00";"0.00";"IST";"PT";"0s";"-0.00"
"215";"USATECHIDXUSD_ICM";"Buy";"21261.7";"21269.2";"2025.02.04 12:00:00";"2025.02.04 12:00:00";"40.0";"300.00";"21236.69922";"21269.19922";"67700.00";"0.00";"IST";"PT";"0s";"-0.00"
"216";"USATECHIDXUSD_ICM";"Buy";"21411.6";"21386.6";"2025.02.05 09:00:00";"2025.02.05 09:00:00";"40.0";"-1000.00";"21386.59961";"21419.09961";"66700.00";"0.00";"IST";"SL";"0s";"-0.00"
"217";"USATECHIDXUSD_ICM";"Buy";"21700.2";"21707.7";"2025.02.06 11:00:00";"2025.02.06 11:00:00";"40.0";"300.00";"21675.19922";"21707.69922";"67000.00";"0.00";"IST";"PT";"0s";"-0.00"
"218";"USATECHIDXUSD_ICM";"Buy";"21764.5";"21772.0";"2025.02.07 09:00:00";"2025.02.07 09:00:00";"40.0";"300.00";"21739.50000";"21772.00000";"67300.00";"0.00";"IST";"PT";"0s";"-0.00"
"219";"USATECHIDXUSD_ICM";"Buy";"21601.3";"21608.8";"2025.02.10 11:00:00";"2025.02.10 11:00:00";"40.0";"300.00";"21576.30078";"21608.80078";"67600.00";"0.00";"IST";"PT";"0s";"-0.00"
"220";"USATECHIDXUSD_ICM";"Buy";"21637.3";"21644.8";"2025.02.11 10:00:00";"2025.02.11 10:00:00";"40.0";"300.00";"21612.30078";"21644.80078";"67900.00";"0.00";"IST";"PT";"0s";"-0.00"
"221";"USATECHIDXUSD_ICM";"Buy";"21677.3";"21684.8";"2025.02.12 12:00:00";"2025.02.12 12:00:00";"40.0";"300.00";"21652.30078";"21684.80078";"68200.00";"0.00";"IST";"PT";"0s";"-0.00"
"222";"USATECHIDXUSD_ICM";"Buy";"21769.0";"21744.0";"2025.02.13 10:00:00";"2025.02.13 10:00:00";"40.0";"-1000.00";"21744.00000";"21776.50000";"67200.00";"0.00";"IST";"SL";"0s";"-0.00"
"223";"USATECHIDXUSD_ICM";"Buy";"22048.5";"22056.0";"2025.02.14 09:00:00";"2025.02.14 09:00:00";"40.0";"300.00";"22023.50000";"22056.00000";"67500.00";"0.00";"IST";"PT";"0s";"-0.00"
"224";"USATECHIDXUSD_ICM";"Buy";"22193.3";"22168.3";"2025.02.17 08:00:00";"2025.02.17 09:00:00";"40.0";"-1000.00";"22168.30078";"22200.80078";"66500.00";"0.00";"IST";"SL";"1h 0m";"-0.00"
"225";"USATECHIDXUSD_ICM";"Buy";"22208.2";"22215.7";"2025.02.18 13:00:00";"2025.02.18 14:00:00";"40.0";"300.00";"22183.19922";"22215.69922";"66800.00";"0.00";"IST";"PT";"1h 0m";"-0.00"
"226";"USATECHIDXUSD_ICM";"Buy";"22179.2";"22186.7";"2025.02.19 09:00:00";"2025.02.19 10:00:00";"40.0";"300.00";"22154.19922";"22186.69922";"67100.00";"0.00";"IST";"PT";"1h 0m";"-0.00"
"227";"USATECHIDXUSD_ICM";"Buy";"22081.5";"22089.0";"2025.02.20 09:00:00";"2025.02.20 09:00:00";"40.0";"300.00";"22056.50000";"22089.00000";"67400.00";"0.00";"IST";"PT";"0s";"-0.00"
"228";"USATECHIDXUSD_ICM";"Buy";"21709.1";"21716.6";"2025.02.24 11:00:00";"2025.02.24 11:00:00";"40.0";"300.00";"21684.09961";"21716.59961";"67700.00";"0.00";"IST";"PT";"0s";"-0.00"
"229";"USATECHIDXUSD_ICM";"Buy";"21253.9";"21261.4";"2025.02.25 11:00:00";"2025.02.25 11:00:00";"40.0";"300.00";"21228.90039";"21261.40039";"68000.00";"0.00";"IST";"PT";"0s";"-0.00"
"230";"USATECHIDXUSD_ICM";"Buy";"21229.1";"21236.6";"2025.02.26 15:00:00";"2025.02.26 15:00:00";"40.0";"300.00";"21204.09961";"21236.59961";"68300.00";"0.00";"IST";"PT";"0s";"-0.00"
"231";"USATECHIDXUSD_ICM";"Buy";"20967.8";"20942.8";"2025.03.03 12:00:00";"2025.03.03 12:00:00";"40.0";"-1000.00";"20942.80078";"20975.30078";"67300.00";"0.00";"IST";"SL";"0s";"-0.00"
"232";"USATECHIDXUSD_ICM";"Buy";"20454.7";"20462.2";"2025.03.04 12:00:00";"2025.03.04 12:00:00";"40.0";"300.00";"20429.69922";"20462.19922";"67600.00";"0.00";"IST";"PT";"0s";"-0.00"
"233";"USATECHIDXUSD_ICM";"Buy";"20445.7";"20453.2";"2025.03.05 15:00:00";"2025.03.05 15:00:00";"40.0";"300.00";"20420.69922";"20453.19922";"67900.00";"0.00";"IST";"PT";"0s";"-0.00"
"234";"USATECHIDXUSD_ICM";"Buy";"20495.2";"20502.7";"2025.03.06 10:00:00";"2025.03.06 10:00:00";"40.0";"300.00";"20470.19922";"20502.69922";"68200.00";"0.00";"IST";"PT";"0s";"-0.00"
"235";"USATECHIDXUSD_ICM";"Buy";"20082.1";"20089.6";"2025.03.10 10:00:00";"2025.03.10 10:00:00";"40.0";"300.00";"20057.09961";"20089.59961";"68500.00";"0.00";"IST";"PT";"0s";"-0.00"
"236";"USATECHIDXUSD_ICM";"Buy";"19375.1";"19382.6";"2025.03.14 11:00:00";"2025.03.14 11:00:00";"40.0";"300.00";"19350.09961";"19382.59961";"68800.00";"0.00";"IST";"PT";"0s";"-0.00"
"237";"USATECHIDXUSD_ICM";"Buy";"19580.6";"19555.6";"2025.03.17 08:00:00";"2025.03.17 09:00:00";"40.0";"-1000.00";"19555.59961";"19588.09961";"67800.00";"0.00";"IST";"SL";"1h 0m";"-0.00"
"238";"USATECHIDXUSD_ICM";"Buy";"19527.6";"19502.6";"2025.03.19 10:00:00";"2025.03.19 10:00:00";"40.0";"-1000.00";"19502.59961";"19535.09961";"66800.00";"0.00";"IST";"SL";"0s";"-0.00"
"239";"USATECHIDXUSD_ICM";"Buy";"19835.1";"19842.6";"2025.03.20 10:00:00";"2025.03.20 10:00:00";"40.0";"300.00";"19810.09961";"19842.59961";"67100.00";"0.00";"IST";"PT";"0s";"-0.00"
"240";"USATECHIDXUSD_ICM";"Buy";"19668.9";"19643.9";"2025.03.21 08:00:00";"2025.03.21 08:00:00";"40.0";"-1000.00";"19643.90039";"19676.40039";"66100.00";"0.00";"IST";"SL";"0s";"-0.00"
"241";"USATECHIDXUSD_ICM";"Buy";"19988.1";"19995.6";"2025.03.24 13:00:00";"2025.03.24 13:00:00";"40.0";"300.00";"19963.09961";"19995.59961";"66400.00";"0.00";"IST";"PT";"0s";"-0.00"
"242";"USATECHIDXUSD_ICM";"Buy";"20137.1";"20144.6";"2025.03.25 09:00:00";"2025.03.25 09:00:00";"40.0";"300.00";"20112.09961";"20144.59961";"66700.00";"0.00";"IST";"PT";"0s";"-0.00"
"243";"USATECHIDXUSD_ICM";"Buy";"20273.3";"20280.8";"2025.03.26 10:00:00";"2025.03.26 10:00:00";"40.0";"300.00";"20248.30078";"20280.80078";"67000.00";"0.00";"IST";"PT";"0s";"-0.00"
"244";"USATECHIDXUSD_ICM";"Buy";"19733.7";"19741.2";"2025.03.28 10:00:00";"2025.03.28 10:00:00";"40.0";"300.00";"19708.69922";"19741.19922";"67300.00";"0.00";"IST";"PT";"0s";"-0.00"
"245";"USATECHIDXUSD_ICM";"Buy";"19049.2";"19056.7";"2025.03.31 08:00:00";"2025.03.31 08:00:00";"40.0";"300.00";"19024.19922";"19056.69922";"67600.00";"0.00";"IST";"PT";"0s";"-0.00"
"246";"USATECHIDXUSD_ICM";"Buy";"19384.3";"19391.8";"2025.04.02 09:00:00";"2025.04.02 09:00:00";"40.0";"300.00";"19359.30078";"19391.80078";"67900.00";"0.00";"IST";"PT";"0s";"-0.00"
"247";"USATECHIDXUSD_ICM";"Buy";"18921.1";"18928.6";"2025.04.03 11:00:00";"2025.04.03 11:00:00";"40.0";"300.00";"18896.09961";"18928.59961";"68200.00";"0.00";"IST";"PT";"0s";"-0.00"
"248";"USATECHIDXUSD_ICM";"Buy";"18417.1";"18424.6";"2025.04.04 13:00:00";"2025.04.04 13:00:00";"40.0";"300.00";"18392.09961";"18424.59961";"68500.00";"0.00";"IST";"PT";"0s";"-0.00"
"249";"USATECHIDXUSD_ICM";"Buy";"16596.9";"16571.9";"2025.04.07 08:00:00";"2025.04.07 08:00:00";"40.0";"-1000.00";"16571.90039";"16604.40039";"67500.00";"0.00";"IST";"SL";"0s";"-0.00"
"250";"USATECHIDXUSD_ICM";"Buy";"17647.0";"17622.0";"2025.04.08 08:00:00";"2025.04.08 08:00:00";"40.0";"-1000.00";"17622.00000";"17654.50000";"66500.00";"0.00";"IST";"SL";"0s";"-0.00"
"251";"USATECHIDXUSD_ICM";"Buy";"16692.0";"16667.0";"2025.04.09 08:00:00";"2025.04.09 08:00:00";"40.0";"-1000.00";"16667.00000";"16699.50000";"65500.00";"0.00";"IST";"SL";"0s";"-0.00"
"252";"USATECHIDXUSD_ICM";"Buy";"18700.6";"18708.1";"2025.04.10 13:00:00";"2025.04.10 13:00:00";"40.0";"300.00";"18675.59961";"18708.09961";"65800.00";"0.00";"IST";"PT";"0s";"-0.00"
"253";"USATECHIDXUSD_ICM";"Buy";"18264.2";"18239.2";"2025.04.11 12:00:00";"2025.04.11 12:00:00";"40.0";"-1000.00";"18239.19922";"18271.69922";"64800.00";"0.00";"IST";"SL";"0s";"-0.00"
"254";"USATECHIDXUSD_ICM";"Buy";"18750.3";"18725.3";"2025.04.15 15:00:00";"2025.04.15 15:00:00";"40.0";"-1000.00";"18725.30078";"18757.80078";"63800.00";"0.00";"IST";"SL";"0s";"-0.00"
"255";"USATECHIDXUSD_ICM";"Buy";"18440.6";"18448.1";"2025.04.16 10:00:00";"2025.04.16 10:00:00";"40.0";"300.00";"18415.59961";"18448.09961";"64100.00";"0.00";"IST";"PT";"0s";"-0.00"
"256";"USATECHIDXUSD_ICM";"Buy";"18443.8";"18451.3";"2025.04.17 10:00:00";"2025.04.17 10:00:00";"40.0";"300.00";"18418.80078";"18451.30078";"64400.00";"0.00";"IST";"PT";"0s";"-0.00"
"257";"USATECHIDXUSD_ICM";"Buy";"18100.2";"18107.7";"2025.04.21 08:00:00";"2025.04.21 08:00:00";"40.0";"300.00";"18075.19922";"18107.69922";"64700.00";"0.00";"IST";"PT";"0s";"-0.00"
"258";"USATECHIDXUSD_ICM";"Buy";"17886.3";"17893.8";"2025.04.22 09:00:00";"2025.04.22 09:00:00";"40.0";"300.00";"17861.30078";"17893.80078";"65000.00";"0.00";"IST";"PT";"0s";"-0.00"
"259";"USATECHIDXUSD_ICM";"Buy";"18563.4";"18570.9";"2025.04.24 11:00:00";"2025.04.24 11:00:00";"40.0";"300.00";"18538.40039";"18570.90039";"65300.00";"0.00";"IST";"PT";"0s";"-0.00"
"260";"USATECHIDXUSD_ICM";"Buy";"19353.4";"19328.4";"2025.04.25 10:00:00";"2025.04.25 10:00:00";"40.0";"-1000.00";"19328.40039";"19360.90039";"64300.00";"0.00";"IST";"SL";"0s";"-0.00"
"261";"USATECHIDXUSD_ICM";"Buy";"19310.0";"19317.5";"2025.04.28 09:00:00";"2025.04.28 09:00:00";"40.0";"300.00";"19285.00000";"19317.50000";"64600.00";"0.00";"IST";"PT";"0s";"-0.00"
"262";"USATECHIDXUSD_ICM";"Buy";"19451.5";"19459.0";"2025.04.29 08:00:00";"2025.04.29 08:00:00";"40.0";"300.00";"19426.50000";"19459.00000";"64900.00";"0.00";"IST";"PT";"0s";"-0.00"
"263";"USATECHIDXUSD_ICM";"Buy";"19467.5";"19475.0";"2025.04.30 14:00:00";"2025.04.30 14:00:00";"40.0";"300.00";"19442.50000";"19475.00000";"65200.00";"0.00";"IST";"PT";"0s";"-0.00"
"264";"USATECHIDXUSD_ICM";"Buy";"19859.2";"19834.2";"2025.05.01 11:00:00";"2025.05.01 11:00:00";"40.0";"-1000.00";"19834.19922";"19866.69922";"64200.00";"0.00";"IST";"SL";"0s";"-0.00"
"265";"USATECHIDXUSD_ICM";"Buy";"19914.8";"19922.3";"2025.05.05 14:00:00";"2025.05.05 14:00:00";"40.0";"300.00";"19889.80078";"19922.30078";"64500.00";"0.00";"IST";"PT";"0s";"-0.00"
"266";"USATECHIDXUSD_ICM";"Buy";"19834.0";"19841.5";"2025.05.06 09:00:00";"2025.05.06 09:00:00";"40.0";"300.00";"19809.00000";"19841.50000";"64800.00";"0.00";"IST";"PT";"0s";"-0.00"
"267";"USATECHIDXUSD_ICM";"Buy";"19893.8";"19868.8";"2025.05.07 09:00:00";"2025.05.07 09:00:00";"40.0";"-1000.00";"19868.80078";"19901.30078";"63800.00";"0.00";"IST";"SL";"0s";"-0.00"
"268";"USATECHIDXUSD_ICM";"Buy";"20119.5";"20127.0";"2025.05.09 13:00:00";"2025.05.09 13:00:00";"40.0";"300.00";"20094.50000";"20127.00000";"64100.00";"0.00";"IST";"PT";"0s";"-0.00"
"269";"USATECHIDXUSD_ICM";"Buy";"20779.6";"20787.1";"2025.05.13 09:00:00";"2025.05.13 09:00:00";"40.0";"300.00";"20754.59961";"20787.09961";"64400.00";"0.00";"IST";"PT";"0s";"-0.00"
"270";"USATECHIDXUSD_ICM";"Buy";"21210.6";"21218.1";"2025.05.14 14:00:00";"2025.05.14 14:00:00";"40.0";"300.00";"21185.59961";"21218.09961";"64700.00";"0.00";"IST";"PT";"0s";"-0.00"
"271";"USATECHIDXUSD_ICM";"Buy";"21248.3";"21255.8";"2025.05.15 09:00:00";"2025.05.15 09:00:00";"40.0";"300.00";"21223.30078";"21255.80078";"65000.00";"0.00";"IST";"PT";"0s";"-0.00"
"272";"USATECHIDXUSD_ICM";"Buy";"21288.6";"21296.1";"2025.05.16 10:00:00";"2025.05.16 10:00:00";"40.0";"300.00";"21263.59961";"21296.09961";"65300.00";"0.00";"IST";"PT";"0s";"-0.00"
"273";"USATECHIDXUSD_ICM";"Buy";"21169.0";"21176.5";"2025.05.19 09:00:00";"2025.05.19 09:00:00";"40.0";"300.00";"21144.00000";"21176.50000";"65600.00";"0.00";"IST";"PT";"0s";"-0.00"
"274";"USATECHIDXUSD_ICM";"Buy";"21346.6";"21354.1";"2025.05.20 10:00:00";"2025.05.20 10:00:00";"40.0";"300.00";"21321.59961";"21354.09961";"65900.00";"0.00";"IST";"PT";"0s";"-0.00"
"275";"USATECHIDXUSD_ICM";"Buy";"21259.2";"21266.7";"2025.05.21 09:00:00";"2025.05.21 09:00:00";"40.0";"300.00";"21234.19922";"21266.69922";"66200.00";"0.00";"IST";"PT";"0s";"-0.00"
"276";"USATECHIDXUSD_ICM";"Buy";"21118.5";"21126.0";"2025.05.22 14:00:00";"2025.05.22 14:00:00";"40.0";"300.00";"21093.50000";"21126.00000";"66500.00";"0.00";"IST";"PT";"0s";"-0.00"
"277";"USATECHIDXUSD_ICM";"Buy";"21070.1";"21077.6";"2025.05.23 10:00:00";"2025.05.23 10:00:00";"40.0";"300.00";"21045.09961";"21077.59961";"66800.00";"0.00";"IST";"PT";"0s";"-0.00"
"278";"USATECHIDXUSD_ICM";"Buy";"21376.9";"21384.4";"2025.05.28 11:00:00";"2025.05.28 11:00:00";"40.0";"300.00";"21351.90039";"21384.40039";"67100.00";"0.00";"OOS1";"PT";"0s";"-0.00"
"279";"USATECHIDXUSD_ICM";"Buy";"21730.1";"21737.6";"2025.05.29 12:00:00";"2025.05.29 12:00:00";"40.0";"300.00";"21705.09961";"21737.59961";"67400.00";"0.00";"OOS1";"PT";"0s";"-0.00"
"280";"USATECHIDXUSD_ICM";"Buy";"21313.4";"21320.9";"2025.05.30 12:00:00";"2025.05.30 12:00:00";"40.0";"300.00";"21288.40039";"21320.90039";"67700.00";"0.00";"OOS1";"PT";"0s";"-0.00"
"281";"USATECHIDXUSD_ICM";"Buy";"21187.4";"21194.9";"2025.06.02 09:00:00";"2025.06.02 09:00:00";"40.0";"300.00";"21162.40039";"21194.90039";"68000.00";"0.00";"OOS1";"PT";"0s";"-0.00"
"282";"USATECHIDXUSD_ICM";"Buy";"21711.8";"21719.3";"2025.06.05 08:00:00";"2025.06.05 10:00:00";"40.0";"300.00";"21686.80078";"21719.30078";"68300.00";"0.00";"OOS1";"PT";"2h 0m";"-0.00"
"283";"USATECHIDXUSD_ICM";"Buy";"21744.7";"21752.2";"2025.06.09 14:00:00";"2025.06.09 14:00:00";"40.0";"300.00";"21719.69922";"21752.19922";"68600.00";"0.00";"OOS1";"PT";"0s";"-0.00"
"284";"USATECHIDXUSD_ICM";"Buy";"21891.2";"21898.7";"2025.06.10 08:00:00";"2025.06.10 08:00:00";"40.0";"300.00";"21866.19922";"21898.69922";"68900.00";"0.00";"OOS1";"PT";"0s";"-0.00"
"285";"USATECHIDXUSD_ICM";"Buy";"21872.0";"21879.5";"2025.06.11 10:00:00";"2025.06.11 10:00:00";"40.0";"300.00";"21847.00000";"21879.50000";"69200.00";"0.00";"OOS1";"PT";"0s";"-0.00"
"286";"USATECHIDXUSD_ICM";"Buy";"21751.7";"21726.7";"2025.06.12 11:00:00";"2025.06.12 11:00:00";"40.0";"-1000.00";"21726.69922";"21759.19922";"68200.00";"0.00";"OOS1";"SL";"0s";"-0.00"
"287";"USATECHIDXUSD_ICM";"Buy";"21526.1";"21533.6";"2025.06.13 08:00:00";"2025.06.13 08:00:00";"40.0";"300.00";"21501.09961";"21533.59961";"68500.00";"0.00";"OOS1";"PT";"0s";"-0.00"
"288";"USATECHIDXUSD_ICM";"Buy";"21667.9";"21675.4";"2025.06.16 08:00:00";"2025.06.16 08:00:00";"40.0";"300.00";"21642.90039";"21675.40039";"68800.00";"0.00";"OOS1";"PT";"0s";"-0.00"
"289";"USATECHIDXUSD_ICM";"Buy";"21845.2";"21852.7";"2025.06.17 09:00:00";"2025.06.17 09:00:00";"40.0";"300.00";"21820.19922";"21852.69922";"69100.00";"0.00";"OOS1";"PT";"0s";"-0.00"
"290";"USATECHIDXUSD_ICM";"Buy";"21568.1";"21575.6";"2025.06.19 11:00:00";"2025.06.19 11:00:00";"40.0";"300.00";"21543.09961";"21575.59961";"69400.00";"0.00";"OOS1";"PT";"0s";"-0.00"
"291";"USATECHIDXUSD_ICM";"Buy";"21643.3";"21650.8";"2025.06.20 12:00:00";"2025.06.20 12:00:00";"40.0";"300.00";"21618.30078";"21650.80078";"69700.00";"0.00";"OOS1";"PT";"0s";"-0.00"
"292";"USATECHIDXUSD_ICM";"Buy";"21639.5";"21614.5";"2025.06.23 14:00:00";"2025.06.23 14:00:00";"40.0";"-1000.00";"21614.50000";"21647.00000";"68700.00";"0.00";"OOS1";"SL";"0s";"-0.00"
"293";"USATECHIDXUSD_ICM";"Buy";"22097.3";"22072.3";"2025.06.24 13:00:00";"2025.06.24 13:00:00";"40.0";"-1000.00";"22072.30078";"22104.80078";"67700.00";"0.00";"OOS1";"SL";"0s";"-0.00"
"294";"USATECHIDXUSD_ICM";"Buy";"22529.8";"22537.3";"2025.06.27 13:00:00";"2025.06.27 14:00:00";"40.0";"300.00";"22504.80078";"22537.30078";"68000.00";"0.00";"OOS1";"PT";"1h 0m";"-0.00"
"295";"USATECHIDXUSD_ICM";"Buy";"22663.6";"22638.6";"2025.06.30 10:00:00";"2025.06.30 10:00:00";"40.0";"-1000.00";"22638.59961";"22671.09961";"67000.00";"0.00";"OOS1";"SL";"0s";"-0.00"
"296";"USATECHIDXUSD_ICM";"Buy";"22643.8";"22618.8";"2025.07.01 08:00:00";"2025.07.01 09:00:00";"40.0";"-1000.00";"22618.80078";"22651.30078";"66000.00";"0.00";"OOS1";"SL";"1h 0m";"-0.00"
"297";"USATECHIDXUSD_ICM";"Buy";"22512.5";"22520.0";"2025.07.02 11:00:00";"2025.07.02 11:00:00";"40.0";"300.00";"22487.50000";"22520.00000";"66300.00";"0.00";"OOS1";"PT";"0s";"-0.00"
"298";"USATECHIDXUSD_ICM";"Buy";"22639.0";"22646.5";"2025.07.03 13:00:00";"2025.07.03 14:00:00";"40.0";"300.00";"22614.00000";"22646.50000";"66600.00";"0.00";"OOS1";"PT";"1h 0m";"-0.00"
"299";"USATECHIDXUSD_ICM";"Buy";"22810.4";"22785.4";"2025.07.04 08:00:00";"2025.07.04 10:00:00";"40.0";"-1000.00";"22785.40039";"22817.90039";"65600.00";"0.00";"OOS1";"SL";"2h 0m";"-0.00"
"300";"USATECHIDXUSD_ICM";"Buy";"22744.5";"22752.0";"2025.07.07 10:00:00";"2025.07.07 10:00:00";"40.0";"300.00";"22719.50000";"22752.00000";"65900.00";"0.00";"OOS1";"PT";"0s";"-0.00"
"301";"USATECHIDXUSD_ICM";"Buy";"22728.7";"22736.2";"2025.07.08 13:00:00";"2025.07.08 13:00:00";"40.0";"300.00";"22703.69922";"22736.19922";"66200.00";"0.00";"OOS1";"PT";"0s";"-0.00"
"302";"USATECHIDXUSD_ICM";"Buy";"22680.7";"22655.7";"2025.07.09 09:00:00";"2025.07.09 09:00:00";"40.0";"-1000.00";"22655.69922";"22688.19922";"65200.00";"0.00";"OOS1";"SL";"0s";"-0.00"
"303";"USATECHIDXUSD_ICM";"Buy";"22803.0";"22810.5";"2025.07.10 10:00:00";"2025.07.10 10:00:00";"40.0";"300.00";"22778.00000";"22810.50000";"65500.00";"0.00";"OOS1";"PT";"0s";"-0.00"
"304";"USATECHIDXUSD_ICM";"Buy";"22682.8";"22690.3";"2025.07.11 13:00:00";"2025.07.11 13:00:00";"40.0";"300.00";"22657.80078";"22690.30078";"65800.00";"0.00";"OOS1";"PT";"0s";"-0.00"
"305";"USATECHIDXUSD_ICM";"Buy";"22662.8";"22637.8";"2025.07.14 10:00:00";"2025.07.14 10:00:00";"40.0";"-1000.00";"22637.80078";"22670.30078";"64800.00";"0.00";"OOS1";"SL";"0s";"-0.00"
"306";"USATECHIDXUSD_ICM";"Buy";"22939.4";"22946.9";"2025.07.15 08:00:00";"2025.07.15 08:00:00";"40.0";"300.00";"22914.40039";"22946.90039";"65100.00";"0.00";"OOS1";"PT";"0s";"-0.00"
"307";"USATECHIDXUSD_ICM";"Buy";"22808.3";"22815.8";"2025.07.16 11:00:00";"2025.07.16 11:00:00";"40.0";"300.00";"22783.30078";"22815.80078";"65400.00";"0.00";"OOS1";"PT";"0s";"-0.00"
"308";"USATECHIDXUSD_ICM";"Buy";"22917.1";"22924.6";"2025.07.17 15:00:00";"2025.07.17 15:00:00";"40.0";"300.00";"22892.09961";"22924.59961";"65700.00";"0.00";"OOS1";"PT";"0s";"-0.00"
"309";"USATECHIDXUSD_ICM";"Buy";"23117.1";"23092.1";"2025.07.18 12:00:00";"2025.07.18 13:00:00";"40.0";"-1000.00";"23092.09961";"23124.59961";"64700.00";"0.00";"OOS1";"SL";"1h 0m";"-0.00"
"310";"USATECHIDXUSD_ICM";"Buy";"23148.9";"23156.4";"2025.07.22 08:00:00";"2025.07.22 08:00:00";"40.0";"300.00";"23123.90039";"23156.40039";"65000.00";"0.00";"OOS1";"PT";"0s";"-0.00"
"311";"USATECHIDXUSD_ICM";"Buy";"23118.6";"23126.1";"2025.07.23 13:00:00";"2025.07.23 13:00:00";"40.0";"300.00";"23093.59961";"23126.09961";"65300.00";"0.00";"OOS1";"PT";"0s";"-0.00"
"312";"USATECHIDXUSD_ICM";"Buy";"23222.8";"23230.3";"2025.07.24 09:00:00";"2025.07.24 09:00:00";"40.0";"300.00";"23197.80078";"23230.30078";"65600.00";"0.00";"OOS1";"PT";"0s";"-0.00"
"313";"USATECHIDXUSD_ICM";"Buy";"23253.1";"23260.6";"2025.07.25 08:00:00";"2025.07.25 08:00:00";"40.0";"300.00";"23228.09961";"23260.59961";"65900.00";"0.00";"OOS1";"PT";"0s";"-0.00"
"314";"USATECHIDXUSD_ICM";"Buy";"23382.3";"23357.3";"2025.07.28 13:00:00";"2025.07.28 13:00:00";"40.0";"-1000.00";"23357.30078";"23389.80078";"64900.00";"0.00";"OOS1";"SL";"0s";"-0.00"
"315";"USATECHIDXUSD_ICM";"Buy";"23360.6";"23368.1";"2025.07.30 11:00:00";"2025.07.30 11:00:00";"40.0";"300.00";"23335.59961";"23368.09961";"65200.00";"0.00";"OOS1";"PT";"0s";"-0.00"
"316";"USATECHIDXUSD_ICM";"Buy";"23691.5";"23666.5";"2025.07.31 11:00:00";"2025.07.31 11:00:00";"40.0";"-1000.00";"23666.50000";"23699.00000";"64200.00";"0.00";"OOS1";"SL";"0s";"-0.00"
"317";"USATECHIDXUSD_ICM";"Buy";"23164.0";"23139.0";"2025.08.01 09:00:00";"2025.08.01 09:00:00";"40.0";"-1000.00";"23139.00000";"23171.50000";"63200.00";"0.00";"OOS1";"SL";"0s";"-0.00"
"318";"USATECHIDXUSD_ICM";"Buy";"23214.6";"23222.1";"2025.08.05 11:00:00";"2025.08.05 11:00:00";"40.0";"300.00";"23189.59961";"23222.09961";"63500.00";"0.00";"OOS1";"PT";"0s";"-0.00"
"319";"USATECHIDXUSD_ICM";"Buy";"23354.0";"23361.5";"2025.08.07 08:00:00";"2025.08.07 08:00:00";"40.0";"300.00";"23329.00000";"23361.50000";"63800.00";"0.00";"OOS1";"PT";"0s";"-0.00"
"320";"USATECHIDXUSD_ICM";"Buy";"23410.0";"23417.5";"2025.08.08 09:00:00";"2025.08.08 09:00:00";"40.0";"300.00";"23385.00000";"23417.50000";"64100.00";"0.00";"OOS1";"PT";"0s";"-0.00"
"321";"USATECHIDXUSD_ICM";"Buy";"23619.1";"23626.6";"2025.08.11 13:00:00";"2025.08.11 13:00:00";"40.0";"300.00";"23594.09961";"23626.59961";"64400.00";"0.00";"OOS1";"PT";"0s";"-0.00"
"322";"USATECHIDXUSD_ICM";"Buy";"23564.9";"23539.9";"2025.08.12 11:00:00";"2025.08.12 11:00:00";"40.0";"-1000.00";"23539.90039";"23572.40039";"63400.00";"0.00";"OOS1";"SL";"0s";"-0.00"
"323";"USATECHIDXUSD_ICM";"Buy";"23892.3";"23899.8";"2025.08.13 15:00:00";"2025.08.13 15:00:00";"40.0";"300.00";"23867.30078";"23899.80078";"63700.00";"0.00";"OOS1";"PT";"0s";"-0.00"
"324";"USATECHIDXUSD_ICM";"Buy";"23813.9";"23821.4";"2025.08.14 09:00:00";"2025.08.14 10:00:00";"40.0";"300.00";"23788.90039";"23821.40039";"64000.00";"0.00";"OOS1";"PT";"1h 0m";"-0.00"
"325";"USATECHIDXUSD_ICM";"Buy";"23792.0";"23799.5";"2025.08.15 12:00:00";"2025.08.15 12:00:00";"40.0";"300.00";"23767.00000";"23799.50000";"64300.00";"0.00";"OOS1";"PT";"0s";"-0.00"
"326";"USATECHIDXUSD_ICM";"Buy";"23764.8";"23739.8";"2025.08.18 09:00:00";"2025.08.18 09:00:00";"40.0";"-1000.00";"23739.80078";"23772.30078";"63300.00";"0.00";"OOS1";"SL";"0s";"-0.00"
"327";"USATECHIDXUSD_ICM";"Buy";"23651.1";"23658.6";"2025.08.19 09:00:00";"2025.08.19 09:00:00";"40.0";"300.00";"23626.09961";"23658.59961";"63600.00";"0.00";"OOS1";"PT";"0s";"-0.00"
"328";"USATECHIDXUSD_ICM";"Buy";"23203.5";"23178.5";"2025.08.21 15:00:00";"2025.08.21 15:00:00";"40.0";"-1000.00";"23178.50000";"23211.00000";"62600.00";"0.00";"OOS1";"SL";"0s";"-0.00"
"329";"USATECHIDXUSD_ICM";"Buy";"23124.6";"23132.1";"2025.08.22 11:00:00";"2025.08.22 11:00:00";"40.0";"300.00";"23099.59961";"23132.09961";"62900.00";"0.00";"OOS1";"PT";"0s";"-0.00"
"330";"USATECHIDXUSD_ICM";"Buy";"23409.8";"23417.3";"2025.08.25 14:00:00";"2025.08.25 14:00:00";"40.0";"300.00";"23384.80078";"23417.30078";"63200.00";"0.00";"OOS1";"PT";"0s";"-0.00"
"331";"USATECHIDXUSD_ICM";"Buy";"23393.5";"23401.0";"2025.08.26 12:00:00";"2025.08.26 12:00:00";"40.0";"300.00";"23368.50000";"23401.00000";"63500.00";"0.00";"OOS1";"PT";"0s";"-0.00"
"332";"USATECHIDXUSD_ICM";"Buy";"23529.7";"23504.7";"2025.08.27 11:00:00";"2025.08.27 11:00:00";"40.0";"-1000.00";"23504.69922";"23537.19922";"62500.00";"0.00";"OOS1";"SL";"0s";"-0.00"
"333";"USATECHIDXUSD_ICM";"Buy";"23550.7";"23525.7";"2025.08.28 14:00:00";"2025.08.28 14:00:00";"40.0";"-1000.00";"23525.69922";"23558.19922";"61500.00";"0.00";"OOS1";"SL";"0s";"-0.00"
"334";"USATECHIDXUSD_ICM";"Buy";"23668.4";"23675.9";"2025.08.29 09:00:00";"2025.08.29 09:00:00";"40.0";"300.00";"23643.40039";"23675.90039";"61800.00";"0.00";"OOS1";"PT";"0s";"-0.00"
"335";"USATECHIDXUSD_ICM";"Buy";"23248.6";"23256.1";"2025.09.02 13:00:00";"2025.09.02 13:00:00";"40.0";"300.00";"23223.59961";"23256.09961";"62100.00";"0.00";"OOS1";"PT";"0s";"-0.00"
"336";"USATECHIDXUSD_ICM";"Buy";"23289.2";"23296.7";"2025.09.03 08:00:00";"2025.09.03 09:00:00";"40.0";"300.00";"23264.19922";"23296.69922";"62400.00";"0.00";"OOS1";"PT";"1h 0m";"-0.00"
"337";"USATECHIDXUSD_ICM";"Buy";"23450.0";"23457.5";"2025.09.04 08:00:00";"2025.09.04 08:00:00";"40.0";"300.00";"23425.00000";"23457.50000";"62700.00";"0.00";"OOS1";"PT";"0s";"-0.00"
"338";"USATECHIDXUSD_ICM";"Buy";"23881.0";"23888.5";"2025.09.10 13:00:00";"2025.09.10 13:00:00";"40.0";"300.00";"23856.00000";"23888.50000";"63000.00";"0.00";"OOS1";"PT";"0s";"-0.00"
"339";"USATECHIDXUSD_ICM";"Buy";"23893.0";"23900.5";"2025.09.11 10:00:00";"2025.09.11 10:00:00";"40.0";"300.00";"23868.00000";"23900.50000";"63300.00";"0.00";"OOS1";"PT";"0s";"-0.00"
"340";"USATECHIDXUSD_ICM";"Buy";"24077.1";"24084.6";"2025.09.15 12:00:00";"2025.09.15 13:00:00";"40.0";"300.00";"24052.09961";"24084.59961";"63600.00";"0.00";"OOS1";"PT";"1h 0m";"-0.00"
"341";"USATECHIDXUSD_ICM";"Buy";"24331.1";"24338.6";"2025.09.16 10:00:00";"2025.09.16 10:00:00";"40.0";"300.00";"24306.09961";"24338.59961";"63900.00";"0.00";"OOS1";"PT";"0s";"-0.00"
"342";"USATECHIDXUSD_ICM";"Buy";"24270.0";"24277.5";"2025.09.17 09:00:00";"2025.09.17 09:00:00";"40.0";"300.00";"24245.00000";"24277.50000";"64200.00";"0.00";"OOS1";"PT";"0s";"-0.00"
"343";"USATECHIDXUSD_ICM";"Buy";"24414.2";"24421.7";"2025.09.18 11:00:00";"2025.09.18 11:00:00";"40.0";"300.00";"24389.19922";"24421.69922";"64500.00";"0.00";"OOS1";"PT";"0s";"-0.00"
"344";"USATECHIDXUSD_ICM";"Buy";"24438.8";"24446.3";"2025.09.19 11:00:00";"2025.09.19 11:00:00";"40.0";"300.00";"24413.80078";"24446.30078";"64800.00";"0.00";"OOS1";"PT";"0s";"-0.00"
"345";"USATECHIDXUSD_ICM";"Buy";"24537.8";"24545.3";"2025.09.22 11:00:00";"2025.09.22 11:00:00";"40.0";"300.00";"24512.80078";"24545.30078";"65100.00";"0.00";"OOS1";"PT";"0s";"-0.00"
"346";"USATECHIDXUSD_ICM";"Buy";"24773.3";"24748.3";"2025.09.23 13:00:00";"2025.09.23 13:00:00";"40.0";"-1000.00";"24748.30078";"24780.80078";"64100.00";"0.00";"OOS1";"SL";"0s";"-0.00"
"347";"USATECHIDXUSD_ICM";"Buy";"24517.2";"24492.2";"2025.09.25 09:00:00";"2025.09.25 09:00:00";"40.0";"-1000.00";"24492.19922";"24524.69922";"63100.00";"0.00";"OOS1";"SL";"0s";"-0.00"
"348";"USATECHIDXUSD_ICM";"Buy";"24370.4";"24377.9";"2025.09.26 14:00:00";"2025.09.26 14:00:00";"40.0";"300.00";"24345.40039";"24377.90039";"63400.00";"0.00";"OOS1";"PT";"0s";"-0.00"
"349";"USATECHIDXUSD_ICM";"Buy";"24614.8";"24622.3";"2025.09.30 09:00:00";"2025.09.30 09:00:00";"40.0";"300.00";"24589.80078";"24622.30078";"63700.00";"0.00";"OOS1";"PT";"0s";"-0.00"
"350";"USATECHIDXUSD_ICM";"Buy";"24553.8";"24528.8";"2025.10.01 08:00:00";"2025.10.01 09:00:00";"40.0";"-1000.00";"24528.80078";"24561.30078";"62700.00";"0.00";"OOS1";"SL";"1h 0m";"-0.00"
"351";"USATECHIDXUSD_ICM";"Buy";"24853.4";"24860.9";"2025.10.02 08:00:00";"2025.10.02 08:00:00";"40.0";"300.00";"24828.40039";"24860.90039";"63000.00";"0.00";"OOS1";"PT";"0s";"-0.00"
"352";"USATECHIDXUSD_ICM";"Buy";"24972.6";"24980.1";"2025.10.03 11:00:00";"2025.10.03 12:00:00";"40.0";"300.00";"24947.59961";"24980.09961";"63300.00";"0.00";"OOS1";"PT";"1h 0m";"-0.00"
"353";"USATECHIDXUSD_ICM";"Buy";"25134.9";"25142.4";"2025.10.10 15:00:00";"2025.10.10 15:00:00";"40.0";"300.00";"25109.90039";"25142.40039";"63600.00";"0.00";"OOS1";"PT";"0s";"-0.00"
"354";"USATECHIDXUSD_ICM";"Buy";"24643.6";"24651.1";"2025.10.13 08:00:00";"2025.10.13 08:00:00";"40.0";"300.00";"24618.59961";"24651.09961";"63900.00";"0.00";"OOS1";"PT";"0s";"-0.00"
"355";"USATECHIDXUSD_ICM";"Buy";"24509.4";"24516.9";"2025.10.14 10:00:00";"2025.10.14 10:00:00";"40.0";"300.00";"24484.40039";"24516.90039";"64200.00";"0.00";"OOS1";"PT";"0s";"-0.00"
"356";"USATECHIDXUSD_ICM";"Buy";"24759.1";"24766.6";"2025.10.16 08:00:00";"2025.10.16 08:00:00";"40.0";"300.00";"24734.09961";"24766.59961";"64500.00";"0.00";"OOS1";"PT";"0s";"-0.00"
"357";"USATECHIDXUSD_ICM";"Buy";"24875.5";"24883.0";"2025.10.20 14:00:00";"2025.10.20 14:00:00";"40.0";"300.00";"24850.50000";"24883.00000";"64800.00";"0.00";"OOS1";"PT";"0s";"-0.00"
"358";"USATECHIDXUSD_ICM";"Buy";"25145.4";"25120.4";"2025.10.21 08:00:00";"2025.10.21 08:00:00";"40.0";"-1000.00";"25120.40039";"25152.90039";"63800.00";"0.00";"OOS1";"SL";"0s";"-0.00"
"359";"USATECHIDXUSD_ICM";"Buy";"25137.9";"25112.9";"2025.10.22 11:00:00";"2025.10.22 11:00:00";"40.0";"-1000.00";"25112.90039";"25145.40039";"62800.00";"0.00";"OOS1";"SL";"0s";"-0.00"
"360";"USATECHIDXUSD_ICM";"Buy";"24938.3";"24945.8";"2025.10.23 09:00:00";"2025.10.23 09:00:00";"40.0";"300.00";"24913.30078";"24945.80078";"63100.00";"0.00";"OOS1";"PT";"0s";"-0.00"
"361";"USATECHIDXUSD_ICM";"Buy";"25203.3";"25210.8";"2025.10.24 12:00:00";"2025.10.24 12:00:00";"40.0";"300.00";"25178.30078";"25210.80078";"63400.00";"0.00";"OOS1";"PT";"0s";"-0.00"
"362";"USATECHIDXUSD_ICM";"Buy";"25657.4";"25664.9";"2025.10.27 12:00:00";"2025.10.27 12:00:00";"40.0";"300.00";"25632.40039";"25664.90039";"63700.00";"0.00";"OOS1";"PT";"0s";"-0.00"
"363";"USATECHIDXUSD_ICM";"Buy";"25816.8";"25824.3";"2025.10.28 08:00:00";"2025.10.28 08:00:00";"40.0";"300.00";"25791.80078";"25824.30078";"64000.00";"0.00";"OOS1";"PT";"0s";"-0.00"
"364";"USATECHIDXUSD_ICM";"Buy";"26095.0";"26102.5";"2025.10.29 13:00:00";"2025.10.29 13:00:00";"40.0";"300.00";"26070.00000";"26102.50000";"64300.00";"0.00";"OOS1";"PT";"0s";"-0.00"
"365";"USATECHIDXUSD_ICM";"Buy";"26082.8";"26057.8";"2025.10.30 10:00:00";"2025.10.30 10:00:00";"40.0";"-1000.00";"26057.80078";"26090.30078";"63300.00";"0.00";"OOS1";"SL";"0s";"-0.00"
"366";"USATECHIDXUSD_ICM";"Buy";"26023.9";"26031.4";"2025.10.31 10:00:00";"2025.10.31 10:00:00";"40.0";"300.00";"25998.90039";"26031.40039";"63600.00";"0.00";"OOS1";"PT";"0s";"-0.00"
"367";"USATECHIDXUSD_ICM";"Buy";"25897.5";"25905.0";"2025.11.03 10:00:00";"2025.11.03 10:00:00";"40.0";"300.00";"25872.50000";"25905.00000";"63900.00";"0.00";"OOS1";"PT";"0s";"-0.00"
"368";"USATECHIDXUSD_ICM";"Buy";"25663.8";"25638.8";"2025.11.04 10:00:00";"2025.11.04 10:00:00";"40.0";"-1000.00";"25638.80078";"25671.30078";"62900.00";"0.00";"OOS1";"SL";"0s";"-0.00"
"369";"USATECHIDXUSD_ICM";"Buy";"25561.8";"25569.3";"2025.11.06 09:00:00";"2025.11.06 09:00:00";"40.0";"300.00";"25536.80078";"25569.30078";"63200.00";"0.00";"OOS1";"PT";"0s";"-0.00"
"370";"USATECHIDXUSD_ICM";"Buy";"25582.9";"25557.9";"2025.11.11 09:00:00";"2025.11.11 09:00:00";"40.0";"-1000.00";"25557.90039";"25590.40039";"62200.00";"0.00";"OOS1";"SL";"0s";"-0.00"
"371";"USATECHIDXUSD_ICM";"Buy";"25688.4";"25695.9";"2025.11.12 15:00:00";"2025.11.12 15:00:00";"40.0";"300.00";"25663.40039";"25695.90039";"62500.00";"0.00";"OOS1";"PT";"0s";"-0.00"
"372";"USATECHIDXUSD_ICM";"Buy";"25466.0";"25473.5";"2025.11.13 12:00:00";"2025.11.13 12:00:00";"40.0";"300.00";"25441.00000";"25473.50000";"62800.00";"0.00";"OOS1";"PT";"0s";"-0.00"
"373";"USATECHIDXUSD_ICM";"Buy";"25007.3";"24982.3";"2025.11.14 08:00:00";"2025.11.14 08:00:00";"40.0";"-1000.00";"24982.30078";"25014.80078";"61800.00";"0.00";"OOS1";"SL";"0s";"-0.00"
"374";"USATECHIDXUSD_ICM";"Buy";"25150.4";"25157.9";"2025.11.17 09:00:00";"2025.11.17 09:00:00";"40.0";"300.00";"25125.40039";"25157.90039";"62100.00";"0.00";"OOS1";"PT";"0s";"-0.00"
"375";"USATECHIDXUSD_ICM";"Buy";"24454.4";"24461.9";"2025.11.19 08:00:00";"2025.11.19 08:00:00";"40.0";"300.00";"24429.40039";"24461.90039";"62400.00";"0.00";"OOS1";"PT";"0s";"-0.00"
"376";"USATECHIDXUSD_ICM";"Buy";"24977.4";"24952.4";"2025.11.20 12:00:00";"2025.11.20 12:00:00";"40.0";"-1000.00";"24952.40039";"24984.90039";"61400.00";"0.00";"OOS1";"SL";"0s";"-0.00"
"377";"USATECHIDXUSD_ICM";"Buy";"23962.5";"23937.5";"2025.11.21 12:00:00";"2025.11.21 12:00:00";"40.0";"-1000.00";"23937.50000";"23970.00000";"60400.00";"0.00";"OOS1";"SL";"0s";"-0.00"
"378";"USATECHIDXUSD_ICM";"Buy";"24407.4";"24382.4";"2025.11.24 09:00:00";"2025.11.24 09:00:00";"40.0";"-1000.00";"24382.40039";"24414.90039";"59400.00";"0.00";"OOS1";"SL";"0s";"-0.00"
"379";"USATECHIDXUSD_ICM";"Buy";"24834.7";"24842.2";"2025.11.25 09:00:00";"2025.11.25 09:00:00";"40.0";"300.00";"24809.69922";"24842.19922";"59700.00";"0.00";"OOS1";"PT";"0s";"-0.00"
"380";"USATECHIDXUSD_ICM";"Buy";"25136.3";"25143.8";"2025.11.26 13:00:00";"2025.11.26 13:00:00";"40.0";"300.00";"25111.30078";"25143.80078";"60000.00";"0.00";"OOS1";"PT";"0s";"-0.00"
"381";"USATECHIDXUSD_ICM";"Buy";"25241.5";"25249.0";"2025.11.27 09:00:00";"2025.11.27 09:00:00";"40.0";"300.00";"25216.50000";"25249.00000";"60300.00";"0.00";"OOS1";"PT";"0s";"-0.00"
"382";"USATECHIDXUSD_ICM";"Buy";"25244.8";"25252.3";"2025.12.01 14:00:00";"2025.12.01 14:00:00";"40.0";"300.00";"25219.80078";"25252.30078";"60600.00";"0.00";"OOS1";"PT";"0s";"-0.00"
"383";"USATECHIDXUSD_ICM";"Buy";"25323.9";"25331.4";"2025.12.02 08:00:00";"2025.12.02 08:00:00";"40.0";"300.00";"25298.90039";"25331.40039";"60900.00";"0.00";"OOS1";"PT";"0s";"-0.00"
"384";"USATECHIDXUSD_ICM";"Buy";"25611.8";"25619.3";"2025.12.03 09:00:00";"2025.12.03 09:00:00";"40.0";"300.00";"25586.80078";"25619.30078";"61200.00";"0.00";"OOS1";"PT";"0s";"-0.00"
"385";"USATECHIDXUSD_ICM";"Buy";"25685.2";"25692.7";"2025.12.05 11:00:00";"2025.12.05 11:00:00";"40.0";"300.00";"25660.19922";"25692.69922";"61500.00";"0.00";"OOS1";"PT";"0s";"-0.00"
"386";"USATECHIDXUSD_ICM";"Buy";"25738.3";"25745.8";"2025.12.08 14:00:00";"2025.12.08 14:00:00";"40.0";"300.00";"25713.30078";"25745.80078";"61800.00";"0.00";"OOS1";"PT";"0s";"-0.00"
"387";"USATECHIDXUSD_ICM";"Buy";"25651.1";"25658.6";"2025.12.09 09:00:00";"2025.12.09 09:00:00";"40.0";"300.00";"25626.09961";"25658.59961";"62100.00";"0.00";"OOS1";"PT";"0s";"-0.00"
"388";"USATECHIDXUSD_ICM";"Buy";"25619.9";"25627.4";"2025.12.10 15:00:00";"2025.12.10 15:00:00";"40.0";"300.00";"25594.90039";"25627.40039";"62400.00";"0.00";"OOS1";"PT";"0s";"-0.00"
"389";"USATECHIDXUSD_ICM";"Buy";"25673.1";"25680.6";"2025.12.12 08:00:00";"2025.12.12 08:00:00";"40.0";"300.00";"25648.09961";"25680.59961";"62700.00";"0.00";"OOS1";"PT";"0s";"-0.00"
"390";"USATECHIDXUSD_ICM";"Buy";"25239.3";"25246.8";"2025.12.15 10:00:00";"2025.12.15 10:00:00";"40.0";"300.00";"25214.30078";"25246.80078";"63000.00";"0.00";"OOS1";"PT";"0s";"-0.00"
"391";"USATECHIDXUSD_ICM";"Buy";"24860.9";"24868.4";"2025.12.16 10:00:00";"2025.12.16 10:00:00";"40.0";"300.00";"24835.90039";"24868.40039";"63300.00";"0.00";"OOS1";"PT";"0s";"-0.00"
"392";"USATECHIDXUSD_ICM";"Buy";"25475.8";"25483.3";"2025.12.22 12:00:00";"2025.12.22 14:00:00";"40.0";"300.00";"25450.80078";"25483.30078";"63600.00";"0.00";"OOS1";"PT";"2h 0m";"-0.00"
"393";"USATECHIDXUSD_ICM";"Buy";"25454.1";"25429.1";"2025.12.23 15:00:00";"2025.12.23 15:00:00";"40.0";"-1000.00";"25429.09961";"25461.59961";"62600.00";"0.00";"OOS1";"SL";"0s";"-0.00"
"394";"USATECHIDXUSD_ICM";"Buy";"25566.1";"25573.6";"2025.12.24 08:00:00";"2025.12.24 08:00:00";"40.0";"300.00";"25541.09961";"25573.59961";"62900.00";"0.00";"OOS1";"PT";"0s";"-0.00"
"395";"USATECHIDXUSD_ICM";"Buy";"25657.8";"25632.8";"2025.12.26 08:00:00";"2025.12.26 09:00:00";"40.0";"-1000.00";"25632.80078";"25665.30078";"61900.00";"0.00";"OOS1";"SL";"1h 0m";"-0.00"
"396";"USATECHIDXUSD_ICM";"Buy";"25585.1";"25560.1";"2025.12.29 10:00:00";"2025.12.29 10:00:00";"40.0";"-1000.00";"25560.09961";"25592.59961";"60900.00";"0.00";"OOS1";"SL";"0s";"-0.00"
"397";"USATECHIDXUSD_ICM";"Buy";"25527.9";"25535.4";"2025.12.30 11:00:00";"2025.12.30 11:00:00";"40.0";"300.00";"25502.90039";"25535.40039";"61200.00";"0.00";"OOS1";"PT";"0s";"-0.00"
"398";"USATECHIDXUSD_ICM";"Buy";"25393.7";"25401.2";"2025.12.31 08:00:00";"2025.12.31 09:00:00";"40.0";"300.00";"25368.69922";"25401.19922";"61500.00";"0.00";"OOS1";"PT";"1h 0m";"-0.00"
"1";"USATECHIDXUSD_ICM";"Buy";"16691.0";"16666.0";"2024.01.02 14:00:00";"2024.01.02 14:06:00";"40.0";"-1000.00";"16666.00000";"16698.50000";"49000.00";"0.00";"IST";"SL";"6m 0s";"-0.00"
"2";"USATECHIDXUSD_ICM";"Buy";"16467.6";"16475.1";"2024.01.03 12:00:00";"2024.01.03 12:05:00";"40.0";"300.00";"16442.59961";"16475.09961";"49300.00";"0.00";"IST";"PT";"5m 0s";"-0.00"
"3";"USATECHIDXUSD_ICM";"Buy";"16353.9";"16328.9";"2024.01.04 15:00:00";"2024.01.04 15:15:00";"40.0";"-1000.00";"16328.90039";"16361.40039";"48300.00";"0.00";"IST";"SL";"15m 0s";"-0.00"
"4";"USATECHIDXUSD_ICM";"Buy";"16251.9";"16259.4";"2024.01.05 09:00:00";"2024.01.05 09:19:00";"40.0";"300.00";"16226.90039";"16259.40039";"48600.00";"0.00";"IST";"PT";"19m 0s";"-0.00"
"5";"USATECHIDXUSD_ICM";"Buy";"16283.6";"16291.1";"2024.01.08 08:00:00";"2024.01.08 08:07:00";"40.0";"300.00";"16258.59961";"16291.09961";"48900.00";"0.00";"IST";"PT";"7m 0s";"-0.00"
"6";"USATECHIDXUSD_ICM";"Buy";"16611.4";"16586.4";"2024.01.09 10:00:00";"2024.01.09 10:32:00";"40.0";"-1000.00";"16586.40039";"16618.90039";"47900.00";"0.00";"IST";"SL";"32m 0s";"-0.00"
"7";"USATECHIDXUSD_ICM";"Buy";"16676.6";"16684.1";"2024.01.10 08:00:00";"2024.01.10 09:35:00";"40.0";"300.00";"16651.59961";"16684.09961";"48200.00";"0.00";"IST";"PT";"1h 35m";"-0.00"
"8";"USATECHIDXUSD_ICM";"Buy";"16857.6";"16865.1";"2024.01.11 13:00:00";"2024.01.11 13:04:00";"40.0";"300.00";"16832.59961";"16865.09961";"48500.00";"0.00";"IST";"PT";"4m 0s";"-0.00"
"9";"USATECHIDXUSD_ICM";"Buy";"16805.6";"16813.1";"2024.01.12 08:00:00";"2024.01.12 08:32:00";"40.0";"300.00";"16780.59961";"16813.09961";"48800.00";"0.00";"IST";"PT";"32m 0s";"-0.00"
"10";"USATECHIDXUSD_ICM";"Buy";"16833.2";"16808.2";"2024.01.15 13:00:00";"2024.01.15 13:32:00";"40.0";"-1000.00";"16808.19922";"16840.69922";"47800.00";"0.00";"IST";"SL";"32m 0s";"-0.00"
"11";"USATECHIDXUSD_ICM";"Buy";"16741.0";"16748.5";"2024.01.16 08:00:00";"2024.01.16 09:42:00";"40.0";"300.00";"16716.00000";"16748.50000";"48100.00";"0.00";"IST";"PT";"1h 42m";"-0.00"
"12";"USATECHIDXUSD_ICM";"Buy";"17023.5";"17031.0";"2024.01.19 08:00:00";"2024.01.19 08:07:00";"40.0";"300.00";"16998.50000";"17031.00000";"48400.00";"0.00";"IST";"PT";"7m 0s";"-0.00"
"13";"USATECHIDXUSD_ICM";"Buy";"17409.6";"17417.1";"2024.01.22 08:00:00";"2024.01.22 08:04:00";"40.0";"300.00";"17384.59961";"17417.09961";"48700.00";"0.00";"IST";"PT";"4m 0s";"-0.00"
"14";"USATECHIDXUSD_ICM";"Buy";"17322.3";"17329.8";"2024.01.23 13:00:00";"2024.01.23 13:03:00";"40.0";"300.00";"17297.30078";"17329.80078";"49000.00";"0.00";"IST";"PT";"3m 0s";"-0.00"
"15";"USATECHIDXUSD_ICM";"Buy";"17525.3";"17532.8";"2024.01.24 11:00:00";"2024.01.24 11:24:00";"40.0";"300.00";"17500.30078";"17532.80078";"49300.00";"0.00";"IST";"PT";"24m 0s";"-0.00"
"16";"USATECHIDXUSD_ICM";"Buy";"17369.6";"17377.1";"2024.01.26 11:00:00";"2024.01.26 11:20:00";"40.0";"300.00";"17344.59961";"17377.09961";"49600.00";"0.00";"IST";"PT";"20m 0s";"-0.00"
"17";"USATECHIDXUSD_ICM";"Buy";"17455.8";"17463.3";"2024.01.29 14:00:00";"2024.01.29 14:09:00";"40.0";"300.00";"17430.80078";"17463.30078";"49900.00";"0.00";"IST";"PT";"9m 0s";"-0.00"
"18";"USATECHIDXUSD_ICM";"Buy";"17589.1";"17564.1";"2024.01.30 14:00:00";"2024.01.30 15:02:00";"40.0";"-1000.00";"17564.09961";"17596.59961";"48900.00";"0.00";"IST";"SL";"1h 2m";"-0.00"
"19";"USATECHIDXUSD_ICM";"Buy";"17324.7";"17332.2";"2024.01.31 09:00:00";"2024.01.31 09:04:00";"40.0";"300.00";"17299.69922";"17332.19922";"49200.00";"0.00";"IST";"PT";"4m 0s";"-0.00"
"20";"USATECHIDXUSD_ICM";"Buy";"17175.0";"17182.5";"2024.02.01 09:00:00";"2024.02.01 09:17:00";"40.0";"300.00";"17150.00000";"17182.50000";"49500.00";"0.00";"IST";"PT";"17m 0s";"-0.00"
"21";"USATECHIDXUSD_ICM";"Buy";"17500.8";"17508.3";"2024.02.02 10:00:00";"2024.02.02 10:25:00";"40.0";"300.00";"17475.80078";"17508.30078";"49800.00";"0.00";"IST";"PT";"25m 0s";"-0.00"
"22";"USATECHIDXUSD_ICM";"Buy";"17649.3";"17624.3";"2024.02.06 13:00:00";"2024.02.06 13:34:00";"40.0";"-1000.00";"17624.30078";"17656.80078";"48800.00";"0.00";"IST";"SL";"34m 0s";"-0.00"
"23";"USATECHIDXUSD_ICM";"Buy";"17562.6";"17570.1";"2024.02.07 09:00:00";"2024.02.07 11:13:00";"40.0";"300.00";"17537.59961";"17570.09961";"49100.00";"0.00";"IST";"PT";"2h 13m";"-0.00"
"24";"USATECHIDXUSD_ICM";"Buy";"17754.3";"17761.8";"2024.02.08 11:00:00";"2024.02.08 11:05:00";"40.0";"300.00";"17729.30078";"17761.80078";"49400.00";"0.00";"IST";"PT";"5m 0s";"-0.00"
"25";"USATECHIDXUSD_ICM";"Buy";"17837.6";"17845.1";"2024.02.09 14:00:00";"2024.02.09 14:01:00";"40.0";"300.00";"17812.59961";"17845.09961";"49700.00";"0.00";"IST";"PT";"1m 0s";"-0.00"
"26";"USATECHIDXUSD_ICM";"Buy";"17938.4";"17945.9";"2024.02.12 08:00:00";"2024.02.12 08:26:00";"40.0";"300.00";"17913.40039";"17945.90039";"50000.00";"0.00";"IST";"PT";"26m 0s";"-0.00"
"27";"USATECHIDXUSD_ICM";"Buy";"17794.0";"17769.0";"2024.02.13 12:00:00";"2024.02.13 12:51:00";"40.0";"-1000.00";"17769.00000";"17801.50000";"49000.00";"0.00";"IST";"SL";"51m 0s";"-0.00"
"28";"USATECHIDXUSD_ICM";"Buy";"17830.4";"17837.9";"2024.02.15 13:00:00";"2024.02.15 13:13:00";"40.0";"300.00";"17805.40039";"17837.90039";"49300.00";"0.00";"IST";"PT";"13m 0s";"-0.00"
"29";"USATECHIDXUSD_ICM";"Buy";"17698.0";"17705.5";"2024.02.19 10:00:00";"2024.02.19 10:01:00";"40.0";"300.00";"17673.00000";"17705.50000";"49600.00";"0.00";"IST";"PT";"1m 0s";"-0.00"
"30";"USATECHIDXUSD_ICM";"Buy";"17649.1";"17656.6";"2024.02.20 09:00:00";"2024.02.20 09:15:00";"40.0";"300.00";"17624.09961";"17656.59961";"49900.00";"0.00";"IST";"PT";"15m 0s";"-0.00"
"31";"USATECHIDXUSD_ICM";"Buy";"17460.8";"17468.3";"2024.02.21 11:00:00";"2024.02.21 11:07:00";"40.0";"300.00";"17435.80078";"17468.30078";"50200.00";"0.00";"IST";"PT";"7m 0s";"-0.00"
"32";"USATECHIDXUSD_ICM";"Buy";"17967.6";"17975.1";"2024.02.23 12:00:00";"2024.02.23 12:42:00";"40.0";"300.00";"17942.59961";"17975.09961";"50500.00";"0.00";"IST";"PT";"42m 0s";"-0.00"
"33";"USATECHIDXUSD_ICM";"Buy";"17931.0";"17938.5";"2024.02.26 15:00:00";"2024.02.26 15:07:00";"40.0";"300.00";"17906.00000";"17938.50000";"50800.00";"0.00";"IST";"PT";"7m 0s";"-0.00"
"34";"USATECHIDXUSD_ICM";"Buy";"17900.9";"17908.4";"2024.02.27 09:00:00";"2024.02.27 09:11:00";"40.0";"300.00";"17875.90039";"17908.40039";"51100.00";"0.00";"IST";"PT";"11m 0s";"-0.00"
"35";"USATECHIDXUSD_ICM";"Buy";"17854.0";"17861.5";"2024.02.28 12:00:00";"2024.02.28 12:02:00";"40.0";"300.00";"17829.00000";"17861.50000";"51400.00";"0.00";"IST";"PT";"2m 0s";"-0.00"
"36";"USATECHIDXUSD_ICM";"Buy";"17827.6";"17835.1";"2024.02.29 11:00:00";"2024.02.29 11:49:00";"40.0";"300.00";"17802.59961";"17835.09961";"51700.00";"0.00";"IST";"PT";"49m 0s";"-0.00"
"37";"USATECHIDXUSD_ICM";"Buy";"18101.9";"18109.4";"2024.03.01 09:00:00";"2024.03.01 09:03:00";"40.0";"300.00";"18076.90039";"18109.40039";"52000.00";"0.00";"IST";"PT";"3m 0s";"-0.00"
"38";"USATECHIDXUSD_ICM";"Buy";"18311.9";"18319.4";"2024.03.04 08:00:00";"2024.03.04 08:37:00";"40.0";"300.00";"18286.90039";"18319.40039";"52300.00";"0.00";"IST";"PT";"37m 0s";"-0.00"
"39";"USATECHIDXUSD_ICM";"Buy";"18142.9";"18150.4";"2024.03.05 10:00:00";"2024.03.05 10:00:00";"40.0";"300.00";"18117.90039";"18150.40039";"52600.00";"0.00";"IST";"PT";"0s";"-0.00"
"40";"USATECHIDXUSD_ICM";"Buy";"18272.2";"18247.2";"2024.03.08 14:00:00";"2024.03.08 14:20:00";"40.0";"-1000.00";"18247.19922";"18279.69922";"51600.00";"0.00";"IST";"SL";"20m 0s";"-0.00"
"41";"USATECHIDXUSD_ICM";"Buy";"18023.3";"18030.8";"2024.03.12 12:00:00";"2024.03.12 12:25:00";"40.0";"300.00";"17998.30078";"18030.80078";"51900.00";"0.00";"IST";"PT";"25m 0s";"-0.00"
"42";"USATECHIDXUSD_ICM";"Buy";"18216.1";"18223.6";"2024.03.13 14:00:00";"2024.03.13 14:12:00";"40.0";"300.00";"18191.09961";"18223.59961";"52200.00";"0.00";"IST";"PT";"12m 0s";"-0.00"
"43";"USATECHIDXUSD_ICM";"Buy";"17970.9";"17978.4";"2024.03.15 10:00:00";"2024.03.15 10:06:00";"40.0";"300.00";"17945.90039";"17978.40039";"52500.00";"0.00";"IST";"PT";"6m 0s";"-0.00"
"44";"USATECHIDXUSD_ICM";"Buy";"18363.5";"18371.0";"2024.03.21 14:00:00";"2024.03.21 14:09:00";"40.0";"300.00";"18338.50000";"18371.00000";"52800.00";"0.00";"IST";"PT";"9m 0s";"-0.00"
"45";"USATECHIDXUSD_ICM";"Buy";"18324.3";"18331.8";"2024.03.22 11:00:00";"2024.03.22 11:14:00";"40.0";"300.00";"18299.30078";"18331.80078";"53100.00";"0.00";"IST";"PT";"14m 0s";"-0.00"
"46";"USATECHIDXUSD_ICM";"Buy";"18312.3";"18319.8";"2024.03.25 10:00:00";"2024.03.25 11:05:00";"40.0";"300.00";"18287.30078";"18319.80078";"53400.00";"0.00";"IST";"PT";"1h 5m";"-0.00"
"47";"USATECHIDXUSD_ICM";"Buy";"18305.3";"18312.8";"2024.03.26 08:00:00";"2024.03.26 08:07:00";"40.0";"300.00";"18280.30078";"18312.80078";"53700.00";"0.00";"IST";"PT";"7m 0s";"-0.00"
"48";"USATECHIDXUSD_ICM";"Buy";"18291.3";"18298.8";"2024.03.27 12:00:00";"2024.03.27 12:04:00";"40.0";"300.00";"18266.30078";"18298.80078";"54000.00";"0.00";"IST";"PT";"4m 0s";"-0.00"
"49";"USATECHIDXUSD_ICM";"Buy";"18286.1";"18293.6";"2024.03.28 11:00:00";"2024.03.28 11:01:00";"40.0";"300.00";"18261.09961";"18293.59961";"54300.00";"0.00";"IST";"PT";"1m 0s";"-0.00"
"50";"USATECHIDXUSD_ICM";"Buy";"18372.6";"18380.1";"2024.04.01 08:00:00";"2024.04.01 10:30:00";"40.0";"300.00";"18347.59961";"18380.09961";"54600.00";"0.00";"IST";"PT";"2h 30m";"-0.00"
"51";"USATECHIDXUSD_ICM";"Buy";"18259.8";"18267.3";"2024.04.02 09:00:00";"2024.04.02 09:18:00";"40.0";"300.00";"18234.80078";"18267.30078";"54900.00";"0.00";"IST";"PT";"18m 0s";"-0.00"
"52";"USATECHIDXUSD_ICM";"Buy";"18078.7";"18086.2";"2024.04.03 10:00:00";"2024.04.03 10:01:00";"40.0";"300.00";"18053.69922";"18086.19922";"55200.00";"0.00";"IST";"PT";"1m 0s";"-0.00"
"53";"USATECHIDXUSD_ICM";"Buy";"18079.7";"18087.2";"2024.04.08 12:00:00";"2024.04.08 12:03:00";"40.0";"300.00";"18054.69922";"18087.19922";"55500.00";"0.00";"IST";"PT";"3m 0s";"-0.00"
"54";"USATECHIDXUSD_ICM";"Buy";"18084.8";"18092.3";"2024.04.09 11:00:00";"2024.04.09 11:02:00";"40.0";"300.00";"18059.80078";"18092.30078";"55800.00";"0.00";"IST";"PT";"2m 0s";"-0.00"
"55";"USATECHIDXUSD_ICM";"Buy";"18181.9";"18189.4";"2024.04.10 09:00:00";"2024.04.10 09:06:00";"40.0";"300.00";"18156.90039";"18189.40039";"56100.00";"0.00";"IST";"PT";"6m 0s";"-0.00"
"56";"USATECHIDXUSD_ICM";"Buy";"18023.7";"18031.2";"2024.04.11 11:00:00";"2024.04.11 11:09:00";"40.0";"300.00";"17998.69922";"18031.19922";"56400.00";"0.00";"IST";"PT";"9m 0s";"-0.00"
"57";"USATECHIDXUSD_ICM";"Buy";"18245.3";"18220.3";"2024.04.12 13:00:00";"2024.04.12 13:46:00";"40.0";"-1000.00";"18220.30078";"18252.80078";"55400.00";"0.00";"IST";"SL";"46m 0s";"-0.00"
"58";"USATECHIDXUSD_ICM";"Buy";"17713.9";"17721.4";"2024.04.17 11:00:00";"2024.04.17 11:22:00";"40.0";"300.00";"17688.90039";"17721.40039";"55700.00";"0.00";"IST";"PT";"22m 0s";"-0.00"
"59";"USATECHIDXUSD_ICM";"Buy";"17555.7";"17530.7";"2024.04.18 13:00:00";"2024.04.18 13:18:00";"40.0";"-1000.00";"17530.69922";"17563.19922";"54700.00";"0.00";"IST";"SL";"18m 0s";"-0.00"
"60";"USATECHIDXUSD_ICM";"Buy";"17558.6";"17566.1";"2024.04.24 12:00:00";"2024.04.24 12:08:00";"40.0";"300.00";"17533.59961";"17566.09961";"55000.00";"0.00";"IST";"PT";"8m 0s";"-0.00"
"61";"USATECHIDXUSD_ICM";"Buy";"17322.8";"17330.3";"2024.04.25 10:00:00";"2024.04.25 10:53:00";"40.0";"300.00";"17297.80078";"17330.30078";"55300.00";"0.00";"IST";"PT";"53m 0s";"-0.00"
"62";"USATECHIDXUSD_ICM";"Buy";"17601.7";"17609.2";"2024.04.26 13:00:00";"2024.04.26 13:13:00";"40.0";"300.00";"17576.69922";"17609.19922";"55600.00";"0.00";"IST";"PT";"13m 0s";"-0.00"
"63";"USATECHIDXUSD_ICM";"Buy";"17777.8";"17752.8";"2024.04.29 11:00:00";"2024.04.29 12:21:00";"40.0";"-1000.00";"17752.80078";"17785.30078";"54600.00";"0.00";"IST";"SL";"1h 21m";"-0.00"
"64";"USATECHIDXUSD_ICM";"Buy";"17776.6";"17751.6";"2024.04.30 10:00:00";"2024.04.30 11:53:00";"40.0";"-1000.00";"17751.59961";"17784.09961";"53600.00";"0.00";"IST";"SL";"1h 53m";"-0.00"
"65";"USATECHIDXUSD_ICM";"Buy";"17366.9";"17374.4";"2024.05.01 10:00:00";"2024.05.01 10:23:00";"40.0";"300.00";"17341.90039";"17374.40039";"53900.00";"0.00";"IST";"PT";"23m 0s";"-0.00"
"66";"USATECHIDXUSD_ICM";"Buy";"17430.1";"17437.6";"2024.05.02 09:00:00";"2024.05.02 09:19:00";"40.0";"300.00";"17405.09961";"17437.59961";"54200.00";"0.00";"IST";"PT";"19m 0s";"-0.00"
"67";"USATECHIDXUSD_ICM";"Buy";"17645.8";"17653.3";"2024.05.03 08:00:00";"2024.05.03 08:47:00";"40.0";"300.00";"17620.80078";"17653.30078";"54500.00";"0.00";"IST";"PT";"47m 0s";"-0.00"
"68";"USATECHIDXUSD_ICM";"Buy";"17887.1";"17894.6";"2024.05.06 09:00:00";"2024.05.06 09:05:00";"40.0";"300.00";"17862.09961";"17894.59961";"54800.00";"0.00";"IST";"PT";"5m 0s";"-0.00"
"69";"USATECHIDXUSD_ICM";"Buy";"18060.1";"18067.6";"2024.05.07 15:00:00";"2024.05.07 15:20:00";"40.0";"300.00";"18035.09961";"18067.59961";"55100.00";"0.00";"IST";"PT";"20m 0s";"-0.00"
"70";"USATECHIDXUSD_ICM";"Buy";"18080.6";"18088.1";"2024.05.08 08:00:00";"2024.05.08 08:54:00";"40.0";"300.00";"18055.59961";"18088.09961";"55400.00";"0.00";"IST";"PT";"54m 0s";"-0.00"
"71";"USATECHIDXUSD_ICM";"Buy";"18050.9";"18058.4";"2024.05.09 08:00:00";"2024.05.09 10:06:00";"40.0";"300.00";"18025.90039";"18058.40039";"55700.00";"0.00";"IST";"PT";"2h 6m";"-0.00"
"72";"USATECHIDXUSD_ICM";"Buy";"18176.7";"18184.2";"2024.05.14 08:00:00";"2024.05.14 08:21:00";"40.0";"300.00";"18151.69922";"18184.19922";"56000.00";"0.00";"IST";"PT";"21m 0s";"-0.00"
"73";"USATECHIDXUSD_ICM";"Buy";"18317.7";"18325.2";"2024.05.15 09:00:00";"2024.05.15 15:30:00";"40.0";"300.00";"18292.69922";"18325.19922";"56300.00";"0.00";"IST";"PT";"6h 30m";"-0.00"
"74";"USATECHIDXUSD_ICM";"Buy";"18622.6";"18630.1";"2024.05.16 10:00:00";"2024.05.16 10:04:00";"40.0";"300.00";"18597.59961";"18630.09961";"56600.00";"0.00";"IST";"PT";"4m 0s";"-0.00"
"75";"USATECHIDXUSD_ICM";"Buy";"18566.8";"18574.3";"2024.05.17 08:00:00";"2024.05.17 09:02:00";"40.0";"300.00";"18541.80078";"18574.30078";"56900.00";"0.00";"IST";"PT";"1h 2m";"-0.00"
"76";"USATECHIDXUSD_ICM";"Buy";"18584.8";"18592.3";"2024.05.20 13:00:00";"2024.05.20 14:00:00";"40.0";"300.00";"18559.80078";"18592.30078";"57200.00";"0.00";"IST";"PT";"1h 0m";"-0.00"
"77";"USATECHIDXUSD_ICM";"Buy";"18667.2";"18642.2";"2024.05.21 14:00:00";"2024.05.21 15:30:00";"40.0";"-1000.00";"18642.19922";"18674.69922";"56200.00";"0.00";"IST";"SL";"1h 30m";"-0.00"
"78";"USATECHIDXUSD_ICM";"Buy";"18724.8";"18732.3";"2024.05.22 08:00:00";"2024.05.22 08:54:00";"40.0";"300.00";"18699.80078";"18732.30078";"56500.00";"0.00";"IST";"PT";"54m 0s";"-0.00"
"79";"USATECHIDXUSD_ICM";"Buy";"18866.1";"18873.6";"2024.05.23 10:00:00";"2024.05.23 10:21:00";"40.0";"300.00";"18841.09961";"18873.59961";"56800.00";"0.00";"IST";"PT";"21m 0s";"-0.00"
"80";"USATECHIDXUSD_ICM";"Buy";"18636.4";"18643.9";"2024.05.24 11:00:00";"2024.05.24 11:10:00";"40.0";"300.00";"18611.40039";"18643.90039";"57100.00";"0.00";"IST";"PT";"10m 0s";"-0.00"
"81";"USATECHIDXUSD_ICM";"Buy";"18857.6";"18832.6";"2024.05.28 15:00:00";"2024.05.28 15:46:00";"40.0";"-1000.00";"18832.59961";"18865.09961";"56100.00";"0.00";"IST";"SL";"46m 0s";"-0.00"
"82";"USATECHIDXUSD_ICM";"Buy";"18831.2";"18806.2";"2024.05.29 08:00:00";"2024.05.29 08:31:00";"40.0";"-1000.00";"18806.19922";"18838.69922";"55100.00";"0.00";"IST";"SL";"31m 0s";"-0.00"
"83";"USATECHIDXUSD_ICM";"Buy";"18617.8";"18625.3";"2024.05.30 08:00:00";"2024.05.30 10:22:00";"40.0";"300.00";"18592.80078";"18625.30078";"55400.00";"0.00";"IST";"PT";"2h 22m";"-0.00"
"84";"USATECHIDXUSD_ICM";"Buy";"18487.8";"18462.8";"2024.05.31 10:00:00";"2024.05.31 10:35:00";"40.0";"-1000.00";"18462.80078";"18495.30078";"54400.00";"0.00";"IST";"SL";"35m 0s";"-0.00"
"85";"USATECHIDXUSD_ICM";"Buy";"18600.8";"18575.8";"2024.06.04 08:00:00";"2024.06.04 09:26:00";"40.0";"-1000.00";"18575.80078";"18608.30078";"53400.00";"0.00";"IST";"SL";"1h 26m";"-0.00"
"86";"USATECHIDXUSD_ICM";"Buy";"18682.2";"18689.7";"2024.06.05 11:00:00";"2024.06.05 11:01:00";"40.0";"300.00";"18657.19922";"18689.69922";"53700.00";"0.00";"IST";"PT";"1m 0s";"-0.00"
"87";"USATECHIDXUSD_ICM";"Buy";"19045.8";"19053.3";"2024.06.06 10:00:00";"2024.06.06 10:17:00";"40.0";"300.00";"19020.80078";"19053.30078";"54000.00";"0.00";"IST";"PT";"17m 0s";"-0.00"
"88";"USATECHIDXUSD_ICM";"Buy";"19046.8";"19054.3";"2024.06.07 11:00:00";"2024.06.07 11:08:00";"40.0";"300.00";"19021.80078";"19054.30078";"54300.00";"0.00";"IST";"PT";"8m 0s";"-0.00"
"89";"USATECHIDXUSD_ICM";"Buy";"18971.2";"18978.7";"2024.06.10 10:00:00";"2024.06.10 10:04:00";"40.0";"300.00";"18946.19922";"18978.69922";"54600.00";"0.00";"IST";"PT";"4m 0s";"-0.00"
"90";"USATECHIDXUSD_ICM";"Buy";"19055.2";"19062.7";"2024.06.11 08:00:00";"2024.06.11 08:51:00";"40.0";"300.00";"19030.19922";"19062.69922";"54900.00";"0.00";"IST";"PT";"51m 0s";"-0.00"
"91";"USATECHIDXUSD_ICM";"Buy";"19224.7";"19232.2";"2024.06.12 10:00:00";"2024.06.12 12:16:00";"40.0";"300.00";"19199.69922";"19232.19922";"55200.00";"0.00";"IST";"PT";"2h 16m";"-0.00"
"92";"USATECHIDXUSD_ICM";"Buy";"19620.8";"19628.3";"2024.06.13 10:00:00";"2024.06.13 10:09:00";"40.0";"300.00";"19595.80078";"19628.30078";"55500.00";"0.00";"IST";"PT";"9m 0s";"-0.00"
"93";"USATECHIDXUSD_ICM";"Buy";"19593.2";"19600.7";"2024.06.14 12:00:00";"2024.06.14 12:03:00";"40.0";"300.00";"19568.19922";"19600.69922";"55800.00";"0.00";"IST";"PT";"3m 0s";"-0.00"
"94";"USATECHIDXUSD_ICM";"Buy";"19688.8";"19696.3";"2024.06.17 12:00:00";"2024.06.17 12:04:00";"40.0";"300.00";"19663.80078";"19696.30078";"56100.00";"0.00";"IST";"PT";"4m 0s";"-0.00"
"95";"USATECHIDXUSD_ICM";"Buy";"20044.0";"20019.0";"2024.06.20 12:00:00";"2024.06.20 14:39:00";"40.0";"-1000.00";"20019.00000";"20051.50000";"55100.00";"0.00";"IST";"SL";"2h 39m";"-0.00"
"96";"USATECHIDXUSD_ICM";"Buy";"19738.3";"19745.8";"2024.06.21 13:00:00";"2024.06.21 13:03:00";"40.0";"300.00";"19713.30078";"19745.80078";"55400.00";"0.00";"IST";"PT";"3m 0s";"-0.00"
"97";"USATECHIDXUSD_ICM";"Buy";"19550.4";"19557.9";"2024.06.25 12:00:00";"2024.06.25 12:02:00";"40.0";"300.00";"19525.40039";"19557.90039";"55700.00";"0.00";"IST";"PT";"2m 0s";"-0.00"
"98";"USATECHIDXUSD_ICM";"Buy";"19737.2";"19712.2";"2024.06.26 15:00:00";"2024.06.26 15:14:00";"40.0";"-1000.00";"19712.19922";"19744.69922";"54700.00";"0.00";"IST";"SL";"14m 0s";"-0.00"
"99";"USATECHIDXUSD_ICM";"Buy";"19854.8";"19862.3";"2024.06.28 11:00:00";"2024.06.28 11:28:00";"40.0";"300.00";"19829.80078";"19862.30078";"55000.00";"0.00";"IST";"PT";"28m 0s";"-0.00"
"100";"USATECHIDXUSD_ICM";"Buy";"19737.4";"19744.9";"2024.07.01 08:00:00";"2024.07.01 08:09:00";"40.0";"300.00";"19712.40039";"19744.90039";"55300.00";"0.00";"IST";"PT";"9m 0s";"-0.00"
"101";"USATECHIDXUSD_ICM";"Buy";"19743.2";"19750.7";"2024.07.02 08:00:00";"2024.07.02 08:30:00";"40.0";"300.00";"19718.19922";"19750.69922";"55600.00";"0.00";"IST";"PT";"30m 0s";"-0.00"
"102";"USATECHIDXUSD_ICM";"Buy";"20009.3";"19984.3";"2024.07.03 15:00:00";"2024.07.03 15:26:00";"40.0";"-1000.00";"19984.30078";"20016.80078";"54600.00";"0.00";"IST";"SL";"26m 0s";"-0.00"
"103";"USATECHIDXUSD_ICM";"Buy";"20165.2";"20140.2";"2024.07.04 08:00:00";"2024.07.04 17:13:00";"40.0";"-1000.00";"20140.19922";"20172.69922";"53600.00";"0.00";"IST";"SL";"9h 13m";"-0.00"
"104";"USATECHIDXUSD_ICM";"Buy";"20210.0";"20217.5";"2024.07.05 11:00:00";"2024.07.05 11:07:00";"40.0";"300.00";"20185.00000";"20217.50000";"53900.00";"0.00";"IST";"PT";"7m 0s";"-0.00"
"105";"USATECHIDXUSD_ICM";"Buy";"20352.9";"20360.4";"2024.07.08 09:00:00";"2024.07.08 09:15:00";"40.0";"300.00";"20327.90039";"20360.40039";"54200.00";"0.00";"IST";"PT";"15m 0s";"-0.00"
"106";"USATECHIDXUSD_ICM";"Buy";"20500.7";"20508.2";"2024.07.09 10:00:00";"2024.07.09 10:38:00";"40.0";"300.00";"20475.69922";"20508.19922";"54500.00";"0.00";"IST";"PT";"38m 0s";"-0.00"
"107";"USATECHIDXUSD_ICM";"Buy";"20473.7";"20481.2";"2024.07.10 09:00:00";"2024.07.10 09:12:00";"40.0";"300.00";"20448.69922";"20481.19922";"54800.00";"0.00";"IST";"PT";"12m 0s";"-0.00"
"108";"USATECHIDXUSD_ICM";"Buy";"20656.7";"20664.2";"2024.07.11 10:00:00";"2024.07.11 11:21:00";"40.0";"300.00";"20631.69922";"20664.19922";"55100.00";"0.00";"IST";"PT";"1h 21m";"-0.00"
"109";"USATECHIDXUSD_ICM";"Buy";"19861.0";"19868.5";"2024.07.18 08:00:00";"2024.07.18 08:30:00";"40.0";"300.00";"19836.00000";"19868.50000";"55400.00";"0.00";"IST";"PT";"30m 0s";"-0.00"
"110";"USATECHIDXUSD_ICM";"Buy";"19688.5";"19696.0";"2024.07.19 14:00:00";"2024.07.19 14:02:00";"40.0";"300.00";"19663.50000";"19696.00000";"55700.00";"0.00";"IST";"PT";"2m 0s";"-0.00"
"111";"USATECHIDXUSD_ICM";"Buy";"19756.1";"19731.1";"2024.07.23 09:00:00";"2024.07.23 09:12:00";"40.0";"-1000.00";"19731.09961";"19763.59961";"54700.00";"0.00";"IST";"SL";"12m 0s";"-0.00"
"112";"USATECHIDXUSD_ICM";"Buy";"19592.9";"19600.4";"2024.07.24 09:00:00";"2024.07.24 09:08:00";"40.0";"300.00";"19567.90039";"19600.40039";"55000.00";"0.00";"IST";"PT";"8m 0s";"-0.00"
"113";"USATECHIDXUSD_ICM";"Buy";"19093.3";"19100.8";"2024.07.25 08:00:00";"2024.07.25 08:06:00";"40.0";"300.00";"19068.30078";"19100.80078";"55300.00";"0.00";"IST";"PT";"6m 0s";"-0.00"
"114";"USATECHIDXUSD_ICM";"Buy";"19100.9";"19108.4";"2024.07.29 12:00:00";"2024.07.29 12:29:00";"40.0";"300.00";"19075.90039";"19108.40039";"55600.00";"0.00";"IST";"PT";"29m 0s";"-0.00"
"115";"USATECHIDXUSD_ICM";"Buy";"19452.1";"19459.6";"2024.08.01 10:00:00";"2024.08.01 10:01:00";"40.0";"300.00";"19427.09961";"19459.59961";"55900.00";"0.00";"IST";"PT";"1m 0s";"-0.00"
"116";"USATECHIDXUSD_ICM";"Buy";"18576.6";"18584.1";"2024.08.02 10:00:00";"2024.08.02 10:00:00";"40.0";"300.00";"18551.59961";"18584.09961";"56200.00";"0.00";"IST";"PT";"0s";"-0.00"
"117";"USATECHIDXUSD_ICM";"Buy";"18158.7";"18133.7";"2024.08.06 10:00:00";"2024.08.06 10:00:00";"40.0";"-1000.00";"18133.69922";"18166.19922";"55200.00";"0.00";"IST";"SL";"0s";"-0.00"
"118";"USATECHIDXUSD_ICM";"Buy";"17835.8";"17843.3";"2024.08.08 13:00:00";"2024.08.08 13:00:00";"40.0";"300.00";"17810.80078";"17843.30078";"55500.00";"0.00";"IST";"PT";"0s";"-0.00"
"119";"USATECHIDXUSD_ICM";"Buy";"18356.5";"18364.0";"2024.08.09 08:00:00";"2024.08.09 08:02:00";"40.0";"300.00";"18331.50000";"18364.00000";"55800.00";"0.00";"IST";"PT";"2m 0s";"-0.00"
"120";"USATECHIDXUSD_ICM";"Buy";"18528.4";"18535.9";"2024.08.12 10:00:00";"2024.08.12 10:03:00";"40.0";"300.00";"18503.40039";"18535.90039";"56100.00";"0.00";"IST";"PT";"3m 0s";"-0.00"
"121";"USATECHIDXUSD_ICM";"Buy";"18563.9";"18571.4";"2024.08.13 14:00:00";"2024.08.13 14:04:00";"40.0";"300.00";"18538.90039";"18571.40039";"56400.00";"0.00";"IST";"PT";"4m 0s";"-0.00"
"122";"USATECHIDXUSD_ICM";"Buy";"19017.6";"19025.1";"2024.08.14 09:00:00";"2024.08.14 09:25:00";"40.0";"300.00";"18992.59961";"19025.09961";"56700.00";"0.00";"IST";"PT";"25m 0s";"-0.00"
"123";"USATECHIDXUSD_ICM";"Buy";"19099.2";"19074.2";"2024.08.15 11:00:00";"2024.08.15 11:11:00";"40.0";"-1000.00";"19074.19922";"19106.69922";"55700.00";"0.00";"IST";"SL";"11m 0s";"-0.00"
"124";"USATECHIDXUSD_ICM";"Buy";"19528.7";"19536.2";"2024.08.16 12:00:00";"2024.08.16 12:04:00";"40.0";"300.00";"19503.69922";"19536.19922";"56000.00";"0.00";"IST";"PT";"4m 0s";"-0.00"
"125";"USATECHIDXUSD_ICM";"Buy";"19492.8";"19500.3";"2024.08.19 09:00:00";"2024.08.19 09:02:00";"40.0";"300.00";"19467.80078";"19500.30078";"56300.00";"0.00";"IST";"PT";"2m 0s";"-0.00"
"126";"USATECHIDXUSD_ICM";"Buy";"19795.7";"19803.2";"2024.08.20 09:00:00";"2024.08.20 09:35:00";"40.0";"300.00";"19770.69922";"19803.19922";"56600.00";"0.00";"IST";"PT";"35m 0s";"-0.00"
"127";"USATECHIDXUSD_ICM";"Buy";"19727.4";"19734.9";"2024.08.21 11:00:00";"2024.08.21 11:18:00";"40.0";"300.00";"19702.40039";"19734.90039";"56900.00";"0.00";"IST";"PT";"18m 0s";"-0.00"
"128";"USATECHIDXUSD_ICM";"Buy";"19485.7";"19493.2";"2024.09.02 11:00:00";"2024.09.02 11:00:00";"40.0";"300.00";"19460.69922";"19493.19922";"57200.00";"0.00";"IST";"PT";"0s";"-0.00"
"129";"USATECHIDXUSD_ICM";"Buy";"19505.9";"19513.4";"2024.09.03 08:00:00";"2024.09.03 08:02:00";"40.0";"300.00";"19480.90039";"19513.40039";"57500.00";"0.00";"IST";"PT";"2m 0s";"-0.00"
"130";"USATECHIDXUSD_ICM";"Buy";"18809.6";"18817.1";"2024.09.04 09:00:00";"2024.09.04 09:01:00";"40.0";"300.00";"18784.59961";"18817.09961";"57800.00";"0.00";"IST";"PT";"1m 0s";"-0.00"
"131";"USATECHIDXUSD_ICM";"Buy";"18894.7";"18902.2";"2024.09.05 09:00:00";"2024.09.05 09:06:00";"40.0";"300.00";"18869.69922";"18902.19922";"58100.00";"0.00";"IST";"PT";"6m 0s";"-0.00"
"132";"USATECHIDXUSD_ICM";"Buy";"18838.0";"18845.5";"2024.09.06 09:00:00";"2024.09.06 09:00:00";"40.0";"300.00";"18813.00000";"18845.50000";"58400.00";"0.00";"IST";"PT";"0s";"-0.00"
"133";"USATECHIDXUSD_ICM";"Buy";"18594.5";"18602.0";"2024.09.10 09:00:00";"2024.09.10 09:16:00";"40.0";"300.00";"18569.50000";"18602.00000";"58700.00";"0.00";"IST";"PT";"16m 0s";"-0.00"
"134";"USATECHIDXUSD_ICM";"Buy";"18724.7";"18732.2";"2024.09.11 09:00:00";"2024.09.11 09:09:00";"40.0";"300.00";"18699.69922";"18732.19922";"59000.00";"0.00";"IST";"PT";"9m 0s";"-0.00"
"135";"USATECHIDXUSD_ICM";"Buy";"19277.4";"19284.9";"2024.09.12 10:00:00";"2024.09.12 10:03:00";"40.0";"300.00";"19252.40039";"19284.90039";"59300.00";"0.00";"IST";"PT";"3m 0s";"-0.00"
"136";"USATECHIDXUSD_ICM";"Buy";"19421.1";"19428.6";"2024.09.13 11:00:00";"2024.09.13 11:09:00";"40.0";"300.00";"19396.09961";"19428.59961";"59600.00";"0.00";"IST";"PT";"9m 0s";"-0.00"
"137";"USATECHIDXUSD_ICM";"Buy";"19501.8";"19509.3";"2024.09.16 11:00:00";"2024.09.16 11:04:00";"40.0";"300.00";"19476.80078";"19509.30078";"59900.00";"0.00";"IST";"PT";"4m 0s";"-0.00"
"138";"USATECHIDXUSD_ICM";"Buy";"19464.6";"19472.1";"2024.09.18 13:00:00";"2024.09.18 14:07:00";"40.0";"300.00";"19439.59961";"19472.09961";"60200.00";"0.00";"IST";"PT";"1h 7m";"-0.00"
"139";"USATECHIDXUSD_ICM";"Buy";"19757.5";"19765.0";"2024.09.19 14:00:00";"2024.09.19 14:40:00";"40.0";"300.00";"19732.50000";"19765.00000";"60500.00";"0.00";"IST";"PT";"40m 0s";"-0.00"
"140";"USATECHIDXUSD_ICM";"Buy";"19782.8";"19790.3";"2024.09.20 12:00:00";"2024.09.20 12:03:00";"40.0";"300.00";"19757.80078";"19790.30078";"60800.00";"0.00";"IST";"PT";"3m 0s";"-0.00"
"141";"USATECHIDXUSD_ICM";"Buy";"19876.7";"19851.7";"2024.09.23 09:00:00";"2024.09.23 09:59:00";"40.0";"-1000.00";"19851.69922";"19884.19922";"59800.00";"0.00";"IST";"SL";"59m 0s";"-0.00"
"142";"USATECHIDXUSD_ICM";"Buy";"19882.9";"19890.4";"2024.09.24 15:00:00";"2024.09.24 15:04:00";"40.0";"300.00";"19857.90039";"19890.40039";"60100.00";"0.00";"IST";"PT";"4m 0s";"-0.00"
"143";"USATECHIDXUSD_ICM";"Buy";"19872.6";"19847.6";"2024.09.25 09:00:00";"2024.09.25 09:16:00";"40.0";"-1000.00";"19847.59961";"19880.09961";"59100.00";"0.00";"IST";"SL";"16m 0s";"-0.00"
"144";"USATECHIDXUSD_ICM";"Buy";"20030.9";"20038.4";"2024.09.27 11:00:00";"2024.09.27 11:00:00";"40.0";"300.00";"20005.90039";"20038.40039";"59400.00";"0.00";"IST";"PT";"0s";"-0.00"
"145";"USATECHIDXUSD_ICM";"Buy";"19971.2";"19978.7";"2024.09.30 10:00:00";"2024.09.30 10:01:00";"40.0";"300.00";"19946.19922";"19978.69922";"59700.00";"0.00";"IST";"PT";"1m 0s";"-0.00"
"146";"USATECHIDXUSD_ICM";"Buy";"20047.2";"20054.7";"2024.10.01 08:00:00";"2024.10.01 08:34:00";"40.0";"300.00";"20022.19922";"20054.69922";"60000.00";"0.00";"IST";"PT";"34m 0s";"-0.00"
"147";"USATECHIDXUSD_ICM";"Buy";"19725.2";"19732.7";"2024.10.02 10:00:00";"2024.10.02 10:00:00";"40.0";"300.00";"19700.19922";"19732.69922";"60300.00";"0.00";"IST";"PT";"0s";"-0.00"
"148";"USATECHIDXUSD_ICM";"Buy";"19736.2";"19743.7";"2024.10.03 09:00:00";"2024.10.03 09:04:00";"40.0";"300.00";"19711.19922";"19743.69922";"60600.00";"0.00";"IST";"PT";"4m 0s";"-0.00"
"149";"USATECHIDXUSD_ICM";"Buy";"19798.1";"19805.6";"2024.10.04 10:00:00";"2024.10.04 10:12:00";"40.0";"300.00";"19773.09961";"19805.59961";"60900.00";"0.00";"IST";"PT";"12m 0s";"-0.00"
"150";"USATECHIDXUSD_ICM";"Buy";"19899.5";"19907.0";"2024.10.07 13:00:00";"2024.10.07 13:36:00";"40.0";"300.00";"19874.50000";"19907.00000";"61200.00";"0.00";"IST";"PT";"36m 0s";"-0.00"
"151";"USATECHIDXUSD_ICM";"Buy";"19789.8";"19797.3";"2024.10.08 09:00:00";"2024.10.08 09:01:00";"40.0";"300.00";"19764.80078";"19797.30078";"61500.00";"0.00";"IST";"PT";"1m 0s";"-0.00"
"152";"USATECHIDXUSD_ICM";"Buy";"20040.1";"20047.6";"2024.10.09 10:00:00";"2024.10.09 10:06:00";"40.0";"300.00";"20015.09961";"20047.59961";"61800.00";"0.00";"IST";"PT";"6m 0s";"-0.00"
"153";"USATECHIDXUSD_ICM";"Buy";"20253.5";"20261.0";"2024.10.10 09:00:00";"2024.10.10 09:57:00";"40.0";"300.00";"20228.50000";"20261.00000";"62100.00";"0.00";"IST";"PT";"57m 0s";"-0.00"
"154";"USATECHIDXUSD_ICM";"Buy";"20254.6";"20229.6";"2024.10.11 08:00:00";"2024.10.11 10:00:00";"40.0";"-1000.00";"20229.59961";"20262.09961";"61100.00";"0.00";"IST";"SL";"2h 0m";"-0.00"
"155";"USATECHIDXUSD_ICM";"Buy";"20415.5";"20423.0";"2024.10.15 10:00:00";"2024.10.15 10:04:00";"40.0";"300.00";"20390.50000";"20423.00000";"61400.00";"0.00";"IST";"PT";"4m 0s";"-0.00"
"156";"USATECHIDXUSD_ICM";"Buy";"20186.2";"20193.7";"2024.10.16 12:00:00";"2024.10.16 12:01:00";"40.0";"300.00";"20161.19922";"20193.69922";"61700.00";"0.00";"IST";"PT";"1m 0s";"-0.00"
"157";"USATECHIDXUSD_ICM";"Buy";"20284.8";"20292.3";"2024.10.18 14:00:00";"2024.10.18 14:15:00";"40.0";"300.00";"20259.80078";"20292.30078";"62000.00";"0.00";"IST";"PT";"15m 0s";"-0.00"
"158";"USATECHIDXUSD_ICM";"Buy";"20199.3";"20206.8";"2024.10.21 15:00:00";"2024.10.21 15:06:00";"40.0";"300.00";"20174.30078";"20206.80078";"62300.00";"0.00";"IST";"PT";"6m 0s";"-0.00"
"159";"USATECHIDXUSD_ICM";"Buy";"20290.3";"20297.8";"2024.10.22 10:00:00";"2024.10.22 10:09:00";"40.0";"300.00";"20265.30078";"20297.80078";"62600.00";"0.00";"IST";"PT";"9m 0s";"-0.00"
"160";"USATECHIDXUSD_ICM";"Buy";"20332.5";"20340.0";"2024.10.23 12:00:00";"2024.10.23 12:06:00";"40.0";"300.00";"20307.50000";"20340.00000";"62900.00";"0.00";"IST";"PT";"6m 0s";"-0.00"
"161";"USATECHIDXUSD_ICM";"Buy";"20173.4";"20180.9";"2024.10.24 10:00:00";"2024.10.24 10:01:00";"40.0";"300.00";"20148.40039";"20180.90039";"63200.00";"0.00";"IST";"PT";"1m 0s";"-0.00"
"162";"USATECHIDXUSD_ICM";"Buy";"20246.9";"20254.4";"2024.10.25 09:00:00";"2024.10.25 09:16:00";"40.0";"300.00";"20221.90039";"20254.40039";"63500.00";"0.00";"IST";"PT";"16m 0s";"-0.00"
"163";"USATECHIDXUSD_ICM";"Buy";"20465.5";"20473.0";"2024.10.28 09:00:00";"2024.10.28 09:11:00";"40.0";"300.00";"20440.50000";"20473.00000";"63800.00";"0.00";"IST";"PT";"11m 0s";"-0.00"
"164";"USATECHIDXUSD_ICM";"Buy";"20367.2";"20374.7";"2024.10.29 09:00:00";"2024.10.29 09:09:00";"40.0";"300.00";"20342.19922";"20374.69922";"64100.00";"0.00";"IST";"PT";"9m 0s";"-0.00"
"165";"USATECHIDXUSD_ICM";"Buy";"20581.7";"20589.2";"2024.10.30 08:00:00";"2024.10.30 08:23:00";"40.0";"300.00";"20556.69922";"20589.19922";"64400.00";"0.00";"IST";"PT";"23m 0s";"-0.00"
"166";"USATECHIDXUSD_ICM";"Buy";"20272.0";"20247.0";"2024.10.31 08:00:00";"2024.10.31 08:18:00";"40.0";"-1000.00";"20247.00000";"20279.50000";"63400.00";"0.00";"IST";"SL";"18m 0s";"-0.00"
"167";"USATECHIDXUSD_ICM";"Buy";"19971.9";"19979.4";"2024.11.01 12:00:00";"2024.11.01 12:12:00";"40.0";"300.00";"19946.90039";"19979.40039";"63700.00";"0.00";"IST";"PT";"12m 0s";"-0.00"
"168";"USATECHIDXUSD_ICM";"Buy";"20061.1";"20068.6";"2024.11.04 10:00:00";"2024.11.04 10:01:00";"40.0";"300.00";"20036.09961";"20068.59961";"64000.00";"0.00";"IST";"PT";"1m 0s";"-0.00"
"169";"USATECHIDXUSD_ICM";"Buy";"20530.7";"20538.2";"2024.11.06 09:00:00";"2024.11.06 09:00:00";"40.0";"300.00";"20505.69922";"20538.19922";"64300.00";"0.00";"IST";"PT";"0s";"-0.00"
"170";"USATECHIDXUSD_ICM";"Buy";"20817.8";"20825.3";"2024.11.07 12:00:00";"2024.11.07 12:16:00";"40.0";"300.00";"20792.80078";"20825.30078";"64600.00";"0.00";"IST";"PT";"16m 0s";"-0.00"
"171";"USATECHIDXUSD_ICM";"Buy";"21117.8";"21125.3";"2024.11.08 11:00:00";"2024.11.08 11:12:00";"40.0";"300.00";"21092.80078";"21125.30078";"64900.00";"0.00";"IST";"PT";"12m 0s";"-0.00"
"172";"USATECHIDXUSD_ICM";"Buy";"21184.5";"21192.0";"2024.11.11 11:00:00";"2024.11.11 11:18:00";"40.0";"300.00";"21159.50000";"21192.00000";"65200.00";"0.00";"IST";"PT";"18m 0s";"-0.00"
"173";"USATECHIDXUSD_ICM";"Buy";"21101.6";"21109.1";"2024.11.12 10:00:00";"2024.11.12 10:40:00";"40.0";"300.00";"21076.59961";"21109.09961";"65500.00";"0.00";"IST";"PT";"40m 0s";"-0.00"
"174";"USATECHIDXUSD_ICM";"Buy";"21012.2";"21019.7";"2024.11.13 08:00:00";"2024.11.13 08:04:00";"40.0";"300.00";"20987.19922";"21019.69922";"65800.00";"0.00";"IST";"PT";"4m 0s";"-0.00"
"175";"USATECHIDXUSD_ICM";"Buy";"21019.8";"21027.3";"2024.11.14 10:00:00";"2024.11.14 10:05:00";"40.0";"300.00";"20994.80078";"21027.30078";"66100.00";"0.00";"IST";"PT";"5m 0s";"-0.00"
"176";"USATECHIDXUSD_ICM";"Buy";"20503.0";"20510.5";"2024.11.18 10:00:00";"2024.11.18 10:00:00";"40.0";"300.00";"20478.00000";"20510.50000";"66400.00";"0.00";"IST";"PT";"0s";"-0.00"
"177";"USATECHIDXUSD_ICM";"Buy";"20705.8";"20680.8";"2024.11.20 12:00:00";"2024.11.20 12:20:00";"40.0";"-1000.00";"20680.80078";"20713.30078";"65400.00";"0.00";"IST";"SL";"20m 0s";"-0.00"
"178";"USATECHIDXUSD_ICM";"Buy";"20686.3";"20693.8";"2024.11.22 08:00:00";"2024.11.22 08:01:00";"40.0";"300.00";"20661.30078";"20693.80078";"65700.00";"0.00";"IST";"PT";"1m 0s";"-0.00"
"179";"USATECHIDXUSD_ICM";"Buy";"20884.0";"20859.0";"2024.11.25 09:00:00";"2024.11.25 10:25:00";"40.0";"-1000.00";"20859.00000";"20891.50000";"64700.00";"0.00";"IST";"SL";"1h 25m";"-0.00"
"180";"USATECHIDXUSD_ICM";"Buy";"20805.2";"20812.7";"2024.11.26 10:00:00";"2024.11.26 10:06:00";"40.0";"300.00";"20780.19922";"20812.69922";"65000.00";"0.00";"IST";"PT";"6m 0s";"-0.00"
"181";"USATECHIDXUSD_ICM";"Buy";"20885.7";"20893.2";"2024.11.27 08:00:00";"2024.11.27 08:14:00";"40.0";"300.00";"20860.69922";"20893.19922";"65300.00";"0.00";"IST";"PT";"14m 0s";"-0.00"
"182";"USATECHIDXUSD_ICM";"Buy";"20794.5";"20802.0";"2024.11.28 13:00:00";"2024.11.28 14:33:00";"40.0";"300.00";"20769.50000";"20802.00000";"65600.00";"0.00";"IST";"PT";"1h 33m";"-0.00"
"183";"USATECHIDXUSD_ICM";"Buy";"20823.7";"20831.2";"2024.11.29 10:00:00";"2024.11.29 10:01:00";"40.0";"300.00";"20798.69922";"20831.19922";"65900.00";"0.00";"IST";"PT";"1m 0s";"-0.00"
"184";"USATECHIDXUSD_ICM";"Buy";"20911.8";"20919.3";"2024.12.02 14:00:00";"2024.12.02 14:06:00";"40.0";"300.00";"20886.80078";"20919.30078";"66200.00";"0.00";"IST";"PT";"6m 0s";"-0.00"
"185";"USATECHIDXUSD_ICM";"Buy";"21296.5";"21304.0";"2024.12.04 10:00:00";"2024.12.04 10:01:00";"40.0";"300.00";"21271.50000";"21304.00000";"66500.00";"0.00";"IST";"PT";"1m 0s";"-0.00"
"186";"USATECHIDXUSD_ICM";"Buy";"21453.0";"21460.5";"2024.12.05 11:00:00";"2024.12.05 12:06:00";"40.0";"300.00";"21428.00000";"21460.50000";"66800.00";"0.00";"IST";"PT";"1h 6m";"-0.00"
"187";"USATECHIDXUSD_ICM";"Buy";"21415.6";"21423.1";"2024.12.06 14:00:00";"2024.12.06 14:13:00";"40.0";"300.00";"21390.59961";"21423.09961";"67100.00";"0.00";"IST";"PT";"13m 0s";"-0.00"
"188";"USATECHIDXUSD_ICM";"Buy";"21573.6";"21581.1";"2024.12.09 14:00:00";"2024.12.09 14:32:00";"40.0";"300.00";"21548.59961";"21581.09961";"67400.00";"0.00";"IST";"PT";"32m 0s";"-0.00"
"189";"USATECHIDXUSD_ICM";"Buy";"21420.6";"21428.1";"2024.12.10 10:00:00";"2024.12.10 12:04:00";"40.0";"300.00";"21395.59961";"21428.09961";"67700.00";"0.00";"IST";"PT";"2h 4m";"-0.00"
"190";"USATECHIDXUSD_ICM";"Buy";"21380.4";"21387.9";"2024.12.11 10:00:00";"2024.12.11 10:03:00";"40.0";"300.00";"21355.40039";"21387.90039";"68000.00";"0.00";"IST";"PT";"3m 0s";"-0.00"
"191";"USATECHIDXUSD_ICM";"Buy";"21709.8";"21684.8";"2024.12.12 13:00:00";"2024.12.12 14:04:00";"40.0";"-1000.00";"21684.80078";"21717.30078";"67000.00";"0.00";"IST";"SL";"1h 4m";"-0.00"
"192";"USATECHIDXUSD_ICM";"Buy";"21789.9";"21797.4";"2024.12.16 09:00:00";"2024.12.16 10:46:00";"40.0";"300.00";"21764.90039";"21797.40039";"67300.00";"0.00";"IST";"PT";"1h 46m";"-0.00"
"193";"USATECHIDXUSD_ICM";"Buy";"22014.5";"22022.0";"2024.12.18 11:00:00";"2024.12.18 11:38:00";"40.0";"300.00";"21989.50000";"22022.00000";"67600.00";"0.00";"IST";"PT";"38m 0s";"-0.00"
"194";"USATECHIDXUSD_ICM";"Buy";"21278.1";"21285.6";"2024.12.19 14:00:00";"2024.12.19 14:00:00";"40.0";"300.00";"21253.09961";"21285.59961";"67900.00";"0.00";"IST";"PT";"0s";"-0.00"
"195";"USATECHIDXUSD_ICM";"Buy";"20832.4";"20839.9";"2024.12.20 13:00:00";"2024.12.20 13:13:00";"40.0";"300.00";"20807.40039";"20839.90039";"68200.00";"0.00";"IST";"PT";"13m 0s";"-0.00"
"196";"USATECHIDXUSD_ICM";"Buy";"21407.1";"21414.6";"2024.12.23 11:00:00";"2024.12.23 11:01:00";"40.0";"300.00";"21382.09961";"21414.59961";"68500.00";"0.00";"IST";"PT";"1m 0s";"-0.00"
"197";"USATECHIDXUSD_ICM";"Buy";"21739.3";"21746.8";"2024.12.26 11:00:00";"2024.12.26 11:01:00";"40.0";"300.00";"21714.30078";"21746.80078";"68800.00";"0.00";"IST";"PT";"1m 0s";"-0.00"
"198";"USATECHIDXUSD_ICM";"Buy";"21724.2";"21699.2";"2024.12.27 08:00:00";"2024.12.27 08:09:00";"40.0";"-1000.00";"21699.19922";"21731.69922";"67800.00";"0.00";"IST";"SL";"9m 0s";"-0.00"
"199";"USATECHIDXUSD_ICM";"Buy";"21414.3";"21421.8";"2024.12.30 10:00:00";"2024.12.30 10:02:00";"40.0";"300.00";"21389.30078";"21421.80078";"68100.00";"0.00";"IST";"PT";"2m 0s";"-0.00"
"200";"USATECHIDXUSD_ICM";"Buy";"21193.7";"21168.7";"2024.12.31 08:00:00";"2024.12.31 08:06:00";"40.0";"-1000.00";"21168.69922";"21201.19922";"67100.00";"0.00";"IST";"SL";"6m 0s";"-0.00"
"201";"USATECHIDXUSD_ICM";"Buy";"21034.4";"21041.9";"2025.01.03 08:00:00";"2025.01.03 08:16:00";"40.0";"300.00";"21009.40039";"21041.90039";"67400.00";"0.00";"IST";"PT";"16m 0s";"-0.00"
"202";"USATECHIDXUSD_ICM";"Buy";"21539.8";"21547.3";"2025.01.06 15:00:00";"2025.01.06 15:30:00";"40.0";"300.00";"21514.80078";"21547.30078";"67700.00";"0.00";"IST";"PT";"30m 0s";"-0.00"
"203";"USATECHIDXUSD_ICM";"Buy";"21542.0";"21549.5";"2025.01.07 10:00:00";"2025.01.07 10:36:00";"40.0";"300.00";"21517.00000";"21549.50000";"68000.00";"0.00";"IST";"PT";"36m 0s";"-0.00"
"204";"USATECHIDXUSD_ICM";"Buy";"21142.8";"21117.8";"2025.01.09 08:00:00";"2025.01.09 09:16:00";"40.0";"-1000.00";"21117.80078";"21150.30078";"67000.00";"0.00";"IST";"SL";"1h 16m";"-0.00"
"205";"USATECHIDXUSD_ICM";"Buy";"21110.2";"21085.2";"2025.01.10 11:00:00";"2025.01.10 11:03:00";"40.0";"-1000.00";"21085.19922";"21117.69922";"66000.00";"0.00";"IST";"SL";"3m 0s";"-0.00"
"206";"USATECHIDXUSD_ICM";"Buy";"20716.6";"20724.1";"2025.01.13 10:00:00";"2025.01.13 10:00:00";"40.0";"300.00";"20691.59961";"20724.09961";"66300.00";"0.00";"IST";"PT";"0s";"-0.00"
"207";"USATECHIDXUSD_ICM";"Buy";"21341.1";"21316.1";"2025.01.16 14:00:00";"2025.01.16 14:01:00";"40.0";"-1000.00";"21316.09961";"21348.59961";"65300.00";"0.00";"IST";"SL";"1m 0s";"-0.00"
"208";"USATECHIDXUSD_ICM";"Buy";"21124.4";"21131.9";"2025.01.17 10:00:00";"2025.01.17 10:00:00";"40.0";"300.00";"21099.40039";"21131.90039";"65600.00";"0.00";"IST";"PT";"0s";"-0.00"
"209";"USATECHIDXUSD_ICM";"Buy";"21453.2";"21460.7";"2025.01.21 09:00:00";"2025.01.21 09:13:00";"40.0";"300.00";"21428.19922";"21460.69922";"65900.00";"0.00";"IST";"PT";"13m 0s";"-0.00"
"210";"USATECHIDXUSD_ICM";"Buy";"21695.7";"21703.2";"2025.01.22 09:00:00";"2025.01.22 09:07:00";"40.0";"300.00";"21670.69922";"21703.19922";"66200.00";"0.00";"IST";"PT";"7m 0s";"-0.00"
"211";"USATECHIDXUSD_ICM";"Buy";"21731.6";"21739.1";"2025.01.23 11:00:00";"2025.01.23 11:06:00";"40.0";"300.00";"21706.59961";"21739.09961";"66500.00";"0.00";"IST";"PT";"6m 0s";"-0.00"
"212";"USATECHIDXUSD_ICM";"Buy";"21859.6";"21867.1";"2025.01.24 08:00:00";"2025.01.24 08:07:00";"40.0";"300.00";"21834.59961";"21867.09961";"66800.00";"0.00";"IST";"PT";"7m 0s";"-0.00"
"213";"USATECHIDXUSD_ICM";"Buy";"21299.5";"21274.5";"2025.01.27 08:00:00";"2025.01.27 08:24:00";"40.0";"-1000.00";"21274.50000";"21307.00000";"65800.00";"0.00";"IST";"SL";"24m 0s";"-0.00"
"214";"USATECHIDXUSD_ICM";"Buy";"21522.8";"21530.3";"2025.01.30 09:00:00";"2025.01.30 09:31:00";"40.0";"300.00";"21497.80078";"21530.30078";"66100.00";"0.00";"IST";"PT";"31m 0s";"-0.00"
"215";"USATECHIDXUSD_ICM";"Buy";"21262.2";"21269.7";"2025.02.04 12:00:00";"2025.02.04 12:06:00";"40.0";"300.00";"21237.19922";"21269.69922";"66400.00";"0.00";"IST";"PT";"6m 0s";"-0.00"
"216";"USATECHIDXUSD_ICM";"Buy";"21412.1";"21387.1";"2025.02.05 09:00:00";"2025.02.05 09:06:00";"40.0";"-1000.00";"21387.09961";"21419.59961";"65400.00";"0.00";"IST";"SL";"6m 0s";"-0.00"
"217";"USATECHIDXUSD_ICM";"Buy";"21700.7";"21708.2";"2025.02.06 11:00:00";"2025.02.06 11:04:00";"40.0";"300.00";"21675.69922";"21708.19922";"65700.00";"0.00";"IST";"PT";"4m 0s";"-0.00"
"218";"USATECHIDXUSD_ICM";"Buy";"21765.0";"21772.5";"2025.02.07 09:00:00";"2025.02.07 09:16:00";"40.0";"300.00";"21740.00000";"21772.50000";"66000.00";"0.00";"IST";"PT";"16m 0s";"-0.00"
"219";"USATECHIDXUSD_ICM";"Buy";"21601.8";"21609.3";"2025.02.10 11:00:00";"2025.02.10 11:10:00";"40.0";"300.00";"21576.80078";"21609.30078";"66300.00";"0.00";"IST";"PT";"10m 0s";"-0.00"
"220";"USATECHIDXUSD_ICM";"Buy";"21637.8";"21645.3";"2025.02.11 10:00:00";"2025.02.11 10:04:00";"40.0";"300.00";"21612.80078";"21645.30078";"66600.00";"0.00";"IST";"PT";"4m 0s";"-0.00"
"221";"USATECHIDXUSD_ICM";"Buy";"21677.8";"21685.3";"2025.02.12 12:00:00";"2025.02.12 12:26:00";"40.0";"300.00";"21652.80078";"21685.30078";"66900.00";"0.00";"IST";"PT";"26m 0s";"-0.00"
"222";"USATECHIDXUSD_ICM";"Buy";"21769.5";"21744.5";"2025.02.13 10:00:00";"2025.02.13 10:10:00";"40.0";"-1000.00";"21744.50000";"21777.00000";"65900.00";"0.00";"IST";"SL";"10m 0s";"-0.00"
"223";"USATECHIDXUSD_ICM";"Buy";"22049.0";"22056.5";"2025.02.14 09:00:00";"2025.02.14 09:00:00";"40.0";"300.00";"22024.00000";"22056.50000";"66200.00";"0.00";"IST";"PT";"0s";"-0.00"
"224";"USATECHIDXUSD_ICM";"Buy";"22193.8";"22168.8";"2025.02.17 08:00:00";"2025.02.17 09:43:00";"40.0";"-1000.00";"22168.80078";"22201.30078";"65200.00";"0.00";"IST";"SL";"1h 43m";"-0.00"
"225";"USATECHIDXUSD_ICM";"Buy";"22208.7";"22216.2";"2025.02.18 13:00:00";"2025.02.18 14:25:00";"40.0";"300.00";"22183.69922";"22216.19922";"65500.00";"0.00";"IST";"PT";"1h 25m";"-0.00"
"226";"USATECHIDXUSD_ICM";"Buy";"22179.7";"22187.2";"2025.02.19 09:00:00";"2025.02.19 10:02:00";"40.0";"300.00";"22154.69922";"22187.19922";"65800.00";"0.00";"IST";"PT";"1h 2m";"-0.00"
"227";"USATECHIDXUSD_ICM";"Buy";"22082.0";"22089.5";"2025.02.20 09:00:00";"2025.02.20 09:30:00";"40.0";"300.00";"22057.00000";"22089.50000";"66100.00";"0.00";"IST";"PT";"30m 0s";"-0.00"
"228";"USATECHIDXUSD_ICM";"Buy";"21709.6";"21717.1";"2025.02.24 11:00:00";"2025.02.24 11:01:00";"40.0";"300.00";"21684.59961";"21717.09961";"66400.00";"0.00";"IST";"PT";"1m 0s";"-0.00"
"229";"USATECHIDXUSD_ICM";"Buy";"21254.4";"21261.9";"2025.02.25 11:00:00";"2025.02.25 11:00:00";"40.0";"300.00";"21229.40039";"21261.90039";"66700.00";"0.00";"IST";"PT";"0s";"-0.00"
"230";"USATECHIDXUSD_ICM";"Buy";"21229.6";"21237.1";"2025.02.26 15:00:00";"2025.02.26 15:15:00";"40.0";"300.00";"21204.59961";"21237.09961";"67000.00";"0.00";"IST";"PT";"15m 0s";"-0.00"
"231";"USATECHIDXUSD_ICM";"Buy";"20968.3";"20943.3";"2025.03.03 12:00:00";"2025.03.03 12:11:00";"40.0";"-1000.00";"20943.30078";"20975.80078";"66000.00";"0.00";"IST";"SL";"11m 0s";"-0.00"
"232";"USATECHIDXUSD_ICM";"Buy";"20455.2";"20430.2";"2025.03.04 12:00:00";"2025.03.04 12:01:00";"40.0";"-1000.00";"20430.19922";"20462.69922";"65000.00";"0.00";"IST";"SL";"1m 0s";"-0.00"
"233";"USATECHIDXUSD_ICM";"Buy";"20446.2";"20453.7";"2025.03.05 15:00:00";"2025.03.05 15:02:00";"40.0";"300.00";"20421.19922";"20453.69922";"65300.00";"0.00";"IST";"PT";"2m 0s";"-0.00"
"234";"USATECHIDXUSD_ICM";"Buy";"20495.7";"20503.2";"2025.03.06 10:00:00";"2025.03.06 10:04:00";"40.0";"300.00";"20470.69922";"20503.19922";"65600.00";"0.00";"IST";"PT";"4m 0s";"-0.00"
"235";"USATECHIDXUSD_ICM";"Buy";"20082.6";"20090.1";"2025.03.10 10:00:00";"2025.03.10 10:01:00";"40.0";"300.00";"20057.59961";"20090.09961";"65900.00";"0.00";"IST";"PT";"1m 0s";"-0.00"
"236";"USATECHIDXUSD_ICM";"Buy";"19375.6";"19383.1";"2025.03.14 11:00:00";"2025.03.14 11:03:00";"40.0";"300.00";"19350.59961";"19383.09961";"66200.00";"0.00";"IST";"PT";"3m 0s";"-0.00"
"237";"USATECHIDXUSD_ICM";"Buy";"19581.1";"19556.1";"2025.03.17 08:00:00";"2025.03.17 09:20:00";"40.0";"-1000.00";"19556.09961";"19588.59961";"65200.00";"0.00";"IST";"SL";"1h 20m";"-0.00"
"238";"USATECHIDXUSD_ICM";"Buy";"19528.1";"19503.1";"2025.03.19 10:00:00";"2025.03.19 10:02:00";"40.0";"-1000.00";"19503.09961";"19535.59961";"64200.00";"0.00";"IST";"SL";"2m 0s";"-0.00"
"239";"USATECHIDXUSD_ICM";"Buy";"19835.6";"19843.1";"2025.03.20 10:00:00";"2025.03.20 10:01:00";"40.0";"300.00";"19810.59961";"19843.09961";"64500.00";"0.00";"IST";"PT";"1m 0s";"-0.00"
"240";"USATECHIDXUSD_ICM";"Buy";"19669.4";"19644.4";"2025.03.21 08:00:00";"2025.03.21 08:39:00";"40.0";"-1000.00";"19644.40039";"19676.90039";"63500.00";"0.00";"IST";"SL";"39m 0s";"-0.00"
"241";"USATECHIDXUSD_ICM";"Buy";"19988.6";"19996.1";"2025.03.24 13:00:00";"2025.03.24 13:17:00";"40.0";"300.00";"19963.59961";"19996.09961";"63800.00";"0.00";"IST";"PT";"17m 0s";"-0.00"
"242";"USATECHIDXUSD_ICM";"Buy";"20137.6";"20145.1";"2025.03.25 09:00:00";"2025.03.25 09:59:00";"40.0";"300.00";"20112.59961";"20145.09961";"64100.00";"0.00";"IST";"PT";"59m 0s";"-0.00"
"243";"USATECHIDXUSD_ICM";"Buy";"20273.8";"20281.3";"2025.03.26 10:00:00";"2025.03.26 10:06:00";"40.0";"300.00";"20248.80078";"20281.30078";"64400.00";"0.00";"IST";"PT";"6m 0s";"-0.00"
"244";"USATECHIDXUSD_ICM";"Buy";"19734.2";"19741.7";"2025.03.28 10:00:00";"2025.03.28 10:01:00";"40.0";"300.00";"19709.19922";"19741.69922";"64700.00";"0.00";"IST";"PT";"1m 0s";"-0.00"
"245";"USATECHIDXUSD_ICM";"Buy";"19049.7";"19057.2";"2025.03.31 08:00:00";"2025.03.31 08:05:00";"40.0";"300.00";"19024.69922";"19057.19922";"65000.00";"0.00";"IST";"PT";"5m 0s";"-0.00"
"246";"USATECHIDXUSD_ICM";"Buy";"19384.8";"19392.3";"2025.04.02 09:00:00";"2025.04.02 09:09:00";"40.0";"300.00";"19359.80078";"19392.30078";"65300.00";"0.00";"IST";"PT";"9m 0s";"-0.00"
"247";"USATECHIDXUSD_ICM";"Buy";"18921.6";"18929.1";"2025.04.03 11:00:00";"2025.04.03 11:02:00";"40.0";"300.00";"18896.59961";"18929.09961";"65600.00";"0.00";"IST";"PT";"2m 0s";"-0.00"
"248";"USATECHIDXUSD_ICM";"Buy";"18417.6";"18425.1";"2025.04.04 13:00:00";"2025.04.04 13:00:00";"40.0";"300.00";"18392.59961";"18425.09961";"65900.00";"0.00";"IST";"PT";"0s";"-0.00"
"249";"USATECHIDXUSD_ICM";"Buy";"16597.4";"16604.9";"2025.04.07 08:00:00";"2025.04.07 08:00:00";"40.0";"300.00";"16572.40039";"16604.90039";"66200.00";"0.00";"IST";"PT";"0s";"-0.00"
"250";"USATECHIDXUSD_ICM";"Buy";"17647.5";"17622.5";"2025.04.08 08:00:00";"2025.04.08 08:02:00";"40.0";"-1000.00";"17622.50000";"17655.00000";"65200.00";"0.00";"IST";"SL";"2m 0s";"-0.00"
"251";"USATECHIDXUSD_ICM";"Buy";"16692.5";"16700.0";"2025.04.09 08:00:00";"2025.04.09 08:00:00";"40.0";"300.00";"16667.50000";"16700.00000";"65500.00";"0.00";"IST";"PT";"0s";"-0.00"
"252";"USATECHIDXUSD_ICM";"Buy";"18701.1";"18708.6";"2025.04.10 13:00:00";"2025.04.10 13:00:00";"40.0";"300.00";"18676.09961";"18708.59961";"65800.00";"0.00";"IST";"PT";"0s";"-0.00"
"253";"USATECHIDXUSD_ICM";"Buy";"18264.7";"18239.7";"2025.04.11 12:00:00";"2025.04.11 12:00:00";"40.0";"-1000.00";"18239.69922";"18272.19922";"64800.00";"0.00";"IST";"SL";"0s";"-0.00"
"254";"USATECHIDXUSD_ICM";"Buy";"18750.8";"18758.3";"2025.04.15 15:00:00";"2025.04.15 15:01:00";"40.0";"300.00";"18725.80078";"18758.30078";"65100.00";"0.00";"IST";"PT";"1m 0s";"-0.00"
"255";"USATECHIDXUSD_ICM";"Buy";"18441.1";"18448.6";"2025.04.16 10:00:00";"2025.04.16 10:00:00";"40.0";"300.00";"18416.09961";"18448.59961";"65400.00";"0.00";"IST";"PT";"0s";"-0.00"
"256";"USATECHIDXUSD_ICM";"Buy";"18444.3";"18451.8";"2025.04.17 10:00:00";"2025.04.17 10:00:00";"40.0";"300.00";"18419.30078";"18451.80078";"65700.00";"0.00";"IST";"PT";"0s";"-0.00"
"257";"USATECHIDXUSD_ICM";"Buy";"18100.7";"18108.2";"2025.04.21 08:00:00";"2025.04.21 08:02:00";"40.0";"300.00";"18075.69922";"18108.19922";"66000.00";"0.00";"IST";"PT";"2m 0s";"-0.00"
"258";"USATECHIDXUSD_ICM";"Buy";"17886.8";"17894.3";"2025.04.22 09:00:00";"2025.04.22 09:01:00";"40.0";"300.00";"17861.80078";"17894.30078";"66300.00";"0.00";"IST";"PT";"1m 0s";"-0.00"
"259";"USATECHIDXUSD_ICM";"Buy";"18563.9";"18571.4";"2025.04.24 11:00:00";"2025.04.24 11:00:00";"40.0";"300.00";"18538.90039";"18571.40039";"66600.00";"0.00";"IST";"PT";"0s";"-0.00"
"260";"USATECHIDXUSD_ICM";"Buy";"19353.9";"19328.9";"2025.04.25 10:00:00";"2025.04.25 10:12:00";"40.0";"-1000.00";"19328.90039";"19361.40039";"65600.00";"0.00";"IST";"SL";"12m 0s";"-0.00"
"261";"USATECHIDXUSD_ICM";"Buy";"19310.5";"19318.0";"2025.04.28 09:00:00";"2025.04.28 09:00:00";"40.0";"300.00";"19285.50000";"19318.00000";"65900.00";"0.00";"IST";"PT";"0s";"-0.00"
"262";"USATECHIDXUSD_ICM";"Buy";"19452.0";"19459.5";"2025.04.29 08:00:00";"2025.04.29 08:05:00";"40.0";"300.00";"19427.00000";"19459.50000";"66200.00";"0.00";"IST";"PT";"5m 0s";"-0.00"
"263";"USATECHIDXUSD_ICM";"Buy";"19468.0";"19475.5";"2025.04.30 14:00:00";"2025.04.30 14:03:00";"40.0";"300.00";"19443.00000";"19475.50000";"66500.00";"0.00";"IST";"PT";"3m 0s";"-0.00"
"264";"USATECHIDXUSD_ICM";"Buy";"19859.7";"19867.2";"2025.05.01 11:00:00";"2025.05.01 11:02:00";"40.0";"300.00";"19834.69922";"19867.19922";"66800.00";"0.00";"IST";"PT";"2m 0s";"-0.00"
"265";"USATECHIDXUSD_ICM";"Buy";"19915.3";"19890.3";"2025.05.05 14:00:00";"2025.05.05 14:37:00";"40.0";"-1000.00";"19890.30078";"19922.80078";"65800.00";"0.00";"IST";"SL";"37m 0s";"-0.00"
"266";"USATECHIDXUSD_ICM";"Buy";"19834.5";"19842.0";"2025.05.06 09:00:00";"2025.05.06 09:01:00";"40.0";"300.00";"19809.50000";"19842.00000";"66100.00";"0.00";"IST";"PT";"1m 0s";"-0.00"
"267";"USATECHIDXUSD_ICM";"Buy";"19894.3";"19901.8";"2025.05.07 09:00:00";"2025.05.07 09:03:00";"40.0";"300.00";"19869.30078";"19901.80078";"66400.00";"0.00";"IST";"PT";"3m 0s";"-0.00"
"268";"USATECHIDXUSD_ICM";"Buy";"20120.0";"20127.5";"2025.05.09 13:00:00";"2025.05.09 13:02:00";"40.0";"300.00";"20095.00000";"20127.50000";"66700.00";"0.00";"IST";"PT";"2m 0s";"-0.00"
"269";"USATECHIDXUSD_ICM";"Buy";"20780.1";"20787.6";"2025.05.13 09:00:00";"2025.05.13 09:04:00";"40.0";"300.00";"20755.09961";"20787.59961";"67000.00";"0.00";"IST";"PT";"4m 0s";"-0.00"
"270";"USATECHIDXUSD_ICM";"Buy";"21211.1";"21218.6";"2025.05.14 14:00:00";"2025.05.14 14:00:00";"40.0";"300.00";"21186.09961";"21218.59961";"67300.00";"0.00";"IST";"PT";"0s";"-0.00"
"271";"USATECHIDXUSD_ICM";"Buy";"21248.8";"21256.3";"2025.05.15 09:00:00";"2025.05.15 09:10:00";"40.0";"300.00";"21223.80078";"21256.30078";"67600.00";"0.00";"IST";"PT";"10m 0s";"-0.00"
"272";"USATECHIDXUSD_ICM";"Buy";"21289.1";"21296.6";"2025.05.16 10:00:00";"2025.05.16 10:04:00";"40.0";"300.00";"21264.09961";"21296.59961";"67900.00";"0.00";"IST";"PT";"4m 0s";"-0.00"
"273";"USATECHIDXUSD_ICM";"Buy";"21169.5";"21177.0";"2025.05.19 09:00:00";"2025.05.19 09:02:00";"40.0";"300.00";"21144.50000";"21177.00000";"68200.00";"0.00";"IST";"PT";"2m 0s";"-0.00"
"274";"USATECHIDXUSD_ICM";"Buy";"21347.1";"21354.6";"2025.05.20 10:00:00";"2025.05.20 10:12:00";"40.0";"300.00";"21322.09961";"21354.59961";"68500.00";"0.00";"IST";"PT";"12m 0s";"-0.00"
"275";"USATECHIDXUSD_ICM";"Buy";"21259.7";"21267.2";"2025.05.21 09:00:00";"2025.05.21 09:01:00";"40.0";"300.00";"21234.69922";"21267.19922";"68800.00";"0.00";"IST";"PT";"1m 0s";"-0.00"
"276";"USATECHIDXUSD_ICM";"Buy";"21119.0";"21126.5";"2025.05.22 14:00:00";"2025.05.22 14:00:00";"40.0";"300.00";"21094.00000";"21126.50000";"69100.00";"0.00";"IST";"PT";"0s";"-0.00"
"277";"USATECHIDXUSD_ICM";"Buy";"21070.6";"21078.1";"2025.05.23 10:00:00";"2025.05.23 10:00:00";"40.0";"300.00";"21045.59961";"21078.09961";"69400.00";"0.00";"IST";"PT";"0s";"-0.00"
"278";"USATECHIDXUSD_ICM";"Buy";"21377.4";"21384.9";"2025.05.28 11:00:00";"2025.05.28 11:03:00";"40.0";"300.00";"21352.40039";"21384.90039";"69700.00";"0.00";"OOS1";"PT";"3m 0s";"-0.00"
"279";"USATECHIDXUSD_ICM";"Buy";"21730.6";"21738.1";"2025.05.29 12:00:00";"2025.05.29 12:05:00";"40.0";"300.00";"21705.59961";"21738.09961";"70000.00";"0.00";"OOS1";"PT";"5m 0s";"-0.00"
"280";"USATECHIDXUSD_ICM";"Buy";"21313.9";"21321.4";"2025.05.30 12:00:00";"2025.05.30 12:01:00";"40.0";"300.00";"21288.90039";"21321.40039";"70300.00";"0.00";"OOS1";"PT";"1m 0s";"-0.00"
"281";"USATECHIDXUSD_ICM";"Buy";"21187.9";"21162.9";"2025.06.02 09:00:00";"2025.06.02 09:13:00";"40.0";"-1000.00";"21162.90039";"21195.40039";"69300.00";"0.00";"OOS1";"SL";"13m 0s";"-0.00"
"282";"USATECHIDXUSD_ICM";"Buy";"21712.3";"21687.3";"2025.06.05 08:00:00";"2025.06.05 09:19:00";"40.0";"-1000.00";"21687.30078";"21719.80078";"68300.00";"0.00";"OOS1";"SL";"1h 19m";"-0.00"
"283";"USATECHIDXUSD_ICM";"Buy";"21745.2";"21752.7";"2025.06.09 14:00:00";"2025.06.09 14:01:00";"40.0";"300.00";"21720.19922";"21752.69922";"68600.00";"0.00";"OOS1";"PT";"1m 0s";"-0.00"
"284";"USATECHIDXUSD_ICM";"Buy";"21891.7";"21899.2";"2025.06.10 08:00:00";"2025.06.10 08:06:00";"40.0";"300.00";"21866.69922";"21899.19922";"68900.00";"0.00";"OOS1";"PT";"6m 0s";"-0.00"
"285";"USATECHIDXUSD_ICM";"Buy";"21872.5";"21880.0";"2025.06.11 10:00:00";"2025.06.11 10:04:00";"40.0";"300.00";"21847.50000";"21880.00000";"69200.00";"0.00";"OOS1";"PT";"4m 0s";"-0.00"
"286";"USATECHIDXUSD_ICM";"Buy";"21752.2";"21759.7";"2025.06.12 11:00:00";"2025.06.12 11:01:00";"40.0";"300.00";"21727.19922";"21759.69922";"69500.00";"0.00";"OOS1";"PT";"1m 0s";"-0.00"
"287";"USATECHIDXUSD_ICM";"Buy";"21526.6";"21534.1";"2025.06.13 08:00:00";"2025.06.13 08:14:00";"40.0";"300.00";"21501.59961";"21534.09961";"69800.00";"0.00";"OOS1";"PT";"14m 0s";"-0.00"
"288";"USATECHIDXUSD_ICM";"Buy";"21668.4";"21675.9";"2025.06.16 08:00:00";"2025.06.16 08:08:00";"40.0";"300.00";"21643.40039";"21675.90039";"70100.00";"0.00";"OOS1";"PT";"8m 0s";"-0.00"
"289";"USATECHIDXUSD_ICM";"Buy";"21845.7";"21853.2";"2025.06.17 09:00:00";"2025.06.17 09:02:00";"40.0";"300.00";"21820.69922";"21853.19922";"70400.00";"0.00";"OOS1";"PT";"2m 0s";"-0.00"
"290";"USATECHIDXUSD_ICM";"Buy";"21568.6";"21576.1";"2025.06.19 11:00:00";"2025.06.19 11:00:00";"40.0";"300.00";"21543.59961";"21576.09961";"70700.00";"0.00";"OOS1";"PT";"0s";"-0.00"
"291";"USATECHIDXUSD_ICM";"Buy";"21643.8";"21651.3";"2025.06.20 12:00:00";"2025.06.20 12:00:00";"40.0";"300.00";"21618.80078";"21651.30078";"71000.00";"0.00";"OOS1";"PT";"0s";"-0.00"
"292";"USATECHIDXUSD_ICM";"Buy";"21640.0";"21615.0";"2025.06.23 14:00:00";"2025.06.23 14:07:00";"40.0";"-1000.00";"21615.00000";"21647.50000";"70000.00";"0.00";"OOS1";"SL";"7m 0s";"-0.00"
"293";"USATECHIDXUSD_ICM";"Buy";"22097.8";"22072.8";"2025.06.24 13:00:00";"2025.06.24 13:04:00";"40.0";"-1000.00";"22072.80078";"22105.30078";"69000.00";"0.00";"OOS1";"SL";"4m 0s";"-0.00"
"294";"USATECHIDXUSD_ICM";"Buy";"22530.3";"22537.8";"2025.06.27 13:00:00";"2025.06.27 14:01:00";"40.0";"300.00";"22505.30078";"22537.80078";"69300.00";"0.00";"OOS1";"PT";"1h 1m";"-0.00"
"295";"USATECHIDXUSD_ICM";"Buy";"22664.1";"22639.1";"2025.06.30 10:00:00";"2025.06.30 10:06:00";"40.0";"-1000.00";"22639.09961";"22671.59961";"68300.00";"0.00";"OOS1";"SL";"6m 0s";"-0.00"
"296";"USATECHIDXUSD_ICM";"Buy";"22644.3";"22619.3";"2025.07.01 08:00:00";"2025.07.01 09:05:00";"40.0";"-1000.00";"22619.30078";"22651.80078";"67300.00";"0.00";"OOS1";"SL";"1h 5m";"-0.00"
"297";"USATECHIDXUSD_ICM";"Buy";"22513.0";"22520.5";"2025.07.02 11:00:00";"2025.07.02 11:03:00";"40.0";"300.00";"22488.00000";"22520.50000";"67600.00";"0.00";"OOS1";"PT";"3m 0s";"-0.00"
"298";"USATECHIDXUSD_ICM";"Buy";"22639.5";"22647.0";"2025.07.03 13:00:00";"2025.07.03 14:04:00";"40.0";"300.00";"22614.50000";"22647.00000";"67900.00";"0.00";"OOS1";"PT";"1h 4m";"-0.00"
"299";"USATECHIDXUSD_ICM";"Buy";"22810.9";"22785.9";"2025.07.04 08:00:00";"2025.07.04 10:05:00";"40.0";"-1000.00";"22785.90039";"22818.40039";"66900.00";"0.00";"OOS1";"SL";"2h 5m";"-0.00"
"300";"USATECHIDXUSD_ICM";"Buy";"22745.0";"22752.5";"2025.07.07 10:00:00";"2025.07.07 10:04:00";"40.0";"300.00";"22720.00000";"22752.50000";"67200.00";"0.00";"OOS1";"PT";"4m 0s";"-0.00"
"301";"USATECHIDXUSD_ICM";"Buy";"22729.2";"22736.7";"2025.07.08 13:00:00";"2025.07.08 13:36:00";"40.0";"300.00";"22704.19922";"22736.69922";"67500.00";"0.00";"OOS1";"PT";"36m 0s";"-0.00"
"302";"USATECHIDXUSD_ICM";"Buy";"22681.2";"22656.2";"2025.07.09 09:00:00";"2025.07.09 09:06:00";"40.0";"-1000.00";"22656.19922";"22688.69922";"66500.00";"0.00";"OOS1";"SL";"6m 0s";"-0.00"
"303";"USATECHIDXUSD_ICM";"Buy";"22803.5";"22811.0";"2025.07.10 10:00:00";"2025.07.10 10:20:00";"40.0";"300.00";"22778.50000";"22811.00000";"66800.00";"0.00";"OOS1";"PT";"20m 0s";"-0.00"
"304";"USATECHIDXUSD_ICM";"Buy";"22683.3";"22690.8";"2025.07.11 13:00:00";"2025.07.11 13:06:00";"40.0";"300.00";"22658.30078";"22690.80078";"67100.00";"0.00";"OOS1";"PT";"6m 0s";"-0.00"
"305";"USATECHIDXUSD_ICM";"Buy";"22663.3";"22638.3";"2025.07.14 10:00:00";"2025.07.14 10:16:00";"40.0";"-1000.00";"22638.30078";"22670.80078";"66100.00";"0.00";"OOS1";"SL";"16m 0s";"-0.00"
"306";"USATECHIDXUSD_ICM";"Buy";"22939.9";"22947.4";"2025.07.15 08:00:00";"2025.07.15 08:02:00";"40.0";"300.00";"22914.90039";"22947.40039";"66400.00";"0.00";"OOS1";"PT";"2m 0s";"-0.00"
"307";"USATECHIDXUSD_ICM";"Buy";"22808.8";"22816.3";"2025.07.16 11:00:00";"2025.07.16 11:20:00";"40.0";"300.00";"22783.80078";"22816.30078";"66700.00";"0.00";"OOS1";"PT";"20m 0s";"-0.00"
"308";"USATECHIDXUSD_ICM";"Buy";"22917.6";"22925.1";"2025.07.17 15:00:00";"2025.07.17 15:02:00";"40.0";"300.00";"22892.59961";"22925.09961";"67000.00";"0.00";"OOS1";"PT";"2m 0s";"-0.00"
"309";"USATECHIDXUSD_ICM";"Buy";"23117.6";"23092.6";"2025.07.18 12:00:00";"2025.07.18 13:22:00";"40.0";"-1000.00";"23092.59961";"23125.09961";"66000.00";"0.00";"OOS1";"SL";"1h 22m";"-0.00"
"310";"USATECHIDXUSD_ICM";"Buy";"23149.4";"23156.9";"2025.07.22 08:00:00";"2025.07.22 08:50:00";"40.0";"300.00";"23124.40039";"23156.90039";"66300.00";"0.00";"OOS1";"PT";"50m 0s";"-0.00"
"311";"USATECHIDXUSD_ICM";"Buy";"23119.1";"23126.6";"2025.07.23 13:00:00";"2025.07.23 13:33:00";"40.0";"300.00";"23094.09961";"23126.59961";"66600.00";"0.00";"OOS1";"PT";"33m 0s";"-0.00"
"312";"USATECHIDXUSD_ICM";"Buy";"23223.3";"23230.8";"2025.07.24 09:00:00";"2025.07.24 09:01:00";"40.0";"300.00";"23198.30078";"23230.80078";"66900.00";"0.00";"OOS1";"PT";"1m 0s";"-0.00"
"313";"USATECHIDXUSD_ICM";"Buy";"23253.6";"23261.1";"2025.07.25 08:00:00";"2025.07.25 08:10:00";"40.0";"300.00";"23228.59961";"23261.09961";"67200.00";"0.00";"OOS1";"PT";"10m 0s";"-0.00"
"314";"USATECHIDXUSD_ICM";"Buy";"23382.8";"23357.8";"2025.07.28 13:00:00";"2025.07.28 13:44:00";"40.0";"-1000.00";"23357.80078";"23390.30078";"66200.00";"0.00";"OOS1";"SL";"44m 0s";"-0.00"
"315";"USATECHIDXUSD_ICM";"Buy";"23361.1";"23368.6";"2025.07.30 11:00:00";"2025.07.30 11:02:00";"40.0";"300.00";"23336.09961";"23368.59961";"66500.00";"0.00";"OOS1";"PT";"2m 0s";"-0.00"
"316";"USATECHIDXUSD_ICM";"Buy";"23692.0";"23667.0";"2025.07.31 11:00:00";"2025.07.31 11:14:00";"40.0";"-1000.00";"23667.00000";"23699.50000";"65500.00";"0.00";"OOS1";"SL";"14m 0s";"-0.00"
"317";"USATECHIDXUSD_ICM";"Buy";"23164.5";"23139.5";"2025.08.01 09:00:00";"2025.08.01 09:28:00";"40.0";"-1000.00";"23139.50000";"23172.00000";"64500.00";"0.00";"OOS1";"SL";"28m 0s";"-0.00"
"318";"USATECHIDXUSD_ICM";"Buy";"23215.1";"23222.6";"2025.08.05 11:00:00";"2025.08.05 11:26:00";"40.0";"300.00";"23190.09961";"23222.59961";"64800.00";"0.00";"OOS1";"PT";"26m 0s";"-0.00"
"319";"USATECHIDXUSD_ICM";"Buy";"23354.5";"23362.0";"2025.08.07 08:00:00";"2025.08.07 08:29:00";"40.0";"300.00";"23329.50000";"23362.00000";"65100.00";"0.00";"OOS1";"PT";"29m 0s";"-0.00"
"320";"USATECHIDXUSD_ICM";"Buy";"23410.5";"23418.0";"2025.08.08 09:00:00";"2025.08.08 09:02:00";"40.0";"300.00";"23385.50000";"23418.00000";"65400.00";"0.00";"OOS1";"PT";"2m 0s";"-0.00"
"321";"USATECHIDXUSD_ICM";"Buy";"23619.6";"23627.1";"2025.08.11 13:00:00";"2025.08.11 13:20:00";"40.0";"300.00";"23594.59961";"23627.09961";"65700.00";"0.00";"OOS1";"PT";"20m 0s";"-0.00"
"322";"USATECHIDXUSD_ICM";"Buy";"23565.4";"23540.4";"2025.08.12 11:00:00";"2025.08.12 11:43:00";"40.0";"-1000.00";"23540.40039";"23572.90039";"64700.00";"0.00";"OOS1";"SL";"43m 0s";"-0.00"
"323";"USATECHIDXUSD_ICM";"Buy";"23892.8";"23900.3";"2025.08.13 15:00:00";"2025.08.13 15:05:00";"40.0";"300.00";"23867.80078";"23900.30078";"65000.00";"0.00";"OOS1";"PT";"5m 0s";"-0.00"
"324";"USATECHIDXUSD_ICM";"Buy";"23814.4";"23821.9";"2025.08.14 09:00:00";"2025.08.14 10:00:00";"40.0";"300.00";"23789.40039";"23821.90039";"65300.00";"0.00";"OOS1";"PT";"1h 0m";"-0.00"
"325";"USATECHIDXUSD_ICM";"Buy";"23792.5";"23800.0";"2025.08.15 12:00:00";"2025.08.15 12:12:00";"40.0";"300.00";"23767.50000";"23800.00000";"65600.00";"0.00";"OOS1";"PT";"12m 0s";"-0.00"
"326";"USATECHIDXUSD_ICM";"Buy";"23765.3";"23740.3";"2025.08.18 09:00:00";"2025.08.18 09:14:00";"40.0";"-1000.00";"23740.30078";"23772.80078";"64600.00";"0.00";"OOS1";"SL";"14m 0s";"-0.00"
"327";"USATECHIDXUSD_ICM";"Buy";"23651.6";"23659.1";"2025.08.19 09:00:00";"2025.08.19 09:03:00";"40.0";"300.00";"23626.59961";"23659.09961";"64900.00";"0.00";"OOS1";"PT";"3m 0s";"-0.00"
"328";"USATECHIDXUSD_ICM";"Buy";"23204.0";"23179.0";"2025.08.21 15:00:00";"2025.08.21 15:10:00";"40.0";"-1000.00";"23179.00000";"23211.50000";"63900.00";"0.00";"OOS1";"SL";"10m 0s";"-0.00"
"329";"USATECHIDXUSD_ICM";"Buy";"23125.1";"23132.6";"2025.08.22 11:00:00";"2025.08.22 11:07:00";"40.0";"300.00";"23100.09961";"23132.59961";"64200.00";"0.00";"OOS1";"PT";"7m 0s";"-0.00"
"330";"USATECHIDXUSD_ICM";"Buy";"23410.3";"23417.8";"2025.08.25 14:00:00";"2025.08.25 14:12:00";"40.0";"300.00";"23385.30078";"23417.80078";"64500.00";"0.00";"OOS1";"PT";"12m 0s";"-0.00"
"331";"USATECHIDXUSD_ICM";"Buy";"23394.0";"23401.5";"2025.08.26 12:00:00";"2025.08.26 12:08:00";"40.0";"300.00";"23369.00000";"23401.50000";"64800.00";"0.00";"OOS1";"PT";"8m 0s";"-0.00"
"332";"USATECHIDXUSD_ICM";"Buy";"23530.2";"23505.2";"2025.08.27 11:00:00";"2025.08.27 11:49:00";"40.0";"-1000.00";"23505.19922";"23537.69922";"63800.00";"0.00";"OOS1";"SL";"49m 0s";"-0.00"
"333";"USATECHIDXUSD_ICM";"Buy";"23551.2";"23526.2";"2025.08.28 14:00:00";"2025.08.28 14:19:00";"40.0";"-1000.00";"23526.19922";"23558.69922";"62800.00";"0.00";"OOS1";"SL";"19m 0s";"-0.00"
"334";"USATECHIDXUSD_ICM";"Buy";"23668.9";"23676.4";"2025.08.29 09:00:00";"2025.08.29 09:25:00";"40.0";"300.00";"23643.90039";"23676.40039";"63100.00";"0.00";"OOS1";"PT";"25m 0s";"-0.00"
"335";"USATECHIDXUSD_ICM";"Buy";"23249.1";"23256.6";"2025.09.02 13:00:00";"2025.09.02 13:09:00";"40.0";"300.00";"23224.09961";"23256.59961";"63400.00";"0.00";"OOS1";"PT";"9m 0s";"-0.00"
"336";"USATECHIDXUSD_ICM";"Buy";"23289.7";"23297.2";"2025.09.03 08:00:00";"2025.09.03 09:23:00";"40.0";"300.00";"23264.69922";"23297.19922";"63700.00";"0.00";"OOS1";"PT";"1h 23m";"-0.00"
"337";"USATECHIDXUSD_ICM";"Buy";"23450.5";"23458.0";"2025.09.04 08:00:00";"2025.09.04 08:17:00";"40.0";"300.00";"23425.50000";"23458.00000";"64000.00";"0.00";"OOS1";"PT";"17m 0s";"-0.00"
"338";"USATECHIDXUSD_ICM";"Buy";"23881.5";"23889.0";"2025.09.10 13:00:00";"2025.09.10 13:25:00";"40.0";"300.00";"23856.50000";"23889.00000";"64300.00";"0.00";"OOS1";"PT";"25m 0s";"-0.00"
"339";"USATECHIDXUSD_ICM";"Buy";"23893.5";"23901.0";"2025.09.11 10:00:00";"2025.09.11 10:41:00";"40.0";"300.00";"23868.50000";"23901.00000";"64600.00";"0.00";"OOS1";"PT";"41m 0s";"-0.00"
"340";"USATECHIDXUSD_ICM";"Buy";"24077.6";"24085.1";"2025.09.15 12:00:00";"2025.09.15 13:15:00";"40.0";"300.00";"24052.59961";"24085.09961";"64900.00";"0.00";"OOS1";"PT";"1h 15m";"-0.00"
"341";"USATECHIDXUSD_ICM";"Buy";"24331.6";"24339.1";"2025.09.16 10:00:00";"2025.09.16 10:10:00";"40.0";"300.00";"24306.59961";"24339.09961";"65200.00";"0.00";"OOS1";"PT";"10m 0s";"-0.00"
"342";"USATECHIDXUSD_ICM";"Buy";"24270.5";"24278.0";"2025.09.17 09:00:00";"2025.09.17 09:26:00";"40.0";"300.00";"24245.50000";"24278.00000";"65500.00";"0.00";"OOS1";"PT";"26m 0s";"-0.00"
"343";"USATECHIDXUSD_ICM";"Buy";"24414.7";"24422.2";"2025.09.18 11:00:00";"2025.09.18 11:03:00";"40.0";"300.00";"24389.69922";"24422.19922";"65800.00";"0.00";"OOS1";"PT";"3m 0s";"-0.00"
"344";"USATECHIDXUSD_ICM";"Buy";"24439.3";"24446.8";"2025.09.19 11:00:00";"2025.09.19 11:00:00";"40.0";"300.00";"24414.30078";"24446.80078";"66100.00";"0.00";"OOS1";"PT";"0s";"-0.00"
"345";"USATECHIDXUSD_ICM";"Buy";"24538.3";"24545.8";"2025.09.22 11:00:00";"2025.09.22 11:09:00";"40.0";"300.00";"24513.30078";"24545.80078";"66400.00";"0.00";"OOS1";"PT";"9m 0s";"-0.00"
"346";"USATECHIDXUSD_ICM";"Buy";"24773.8";"24748.8";"2025.09.23 13:00:00";"2025.09.23 13:40:00";"40.0";"-1000.00";"24748.80078";"24781.30078";"65400.00";"0.00";"OOS1";"SL";"40m 0s";"-0.00"
"347";"USATECHIDXUSD_ICM";"Buy";"24517.7";"24492.7";"2025.09.25 09:00:00";"2025.09.25 09:40:00";"40.0";"-1000.00";"24492.69922";"24525.19922";"64400.00";"0.00";"OOS1";"SL";"40m 0s";"-0.00"
"348";"USATECHIDXUSD_ICM";"Buy";"24370.9";"24378.4";"2025.09.26 14:00:00";"2025.09.26 14:02:00";"40.0";"300.00";"24345.90039";"24378.40039";"64700.00";"0.00";"OOS1";"PT";"2m 0s";"-0.00"
"349";"USATECHIDXUSD_ICM";"Buy";"24615.3";"24622.8";"2025.09.30 09:00:00";"2025.09.30 09:11:00";"40.0";"300.00";"24590.30078";"24622.80078";"65000.00";"0.00";"OOS1";"PT";"11m 0s";"-0.00"
"350";"USATECHIDXUSD_ICM";"Buy";"24554.3";"24529.3";"2025.10.01 08:00:00";"2025.10.01 09:17:00";"40.0";"-1000.00";"24529.30078";"24561.80078";"64000.00";"0.00";"OOS1";"SL";"1h 17m";"-0.00"
"351";"USATECHIDXUSD_ICM";"Buy";"24853.9";"24861.4";"2025.10.02 08:00:00";"2025.10.02 08:12:00";"40.0";"300.00";"24828.90039";"24861.40039";"64300.00";"0.00";"OOS1";"PT";"12m 0s";"-0.00"
"352";"USATECHIDXUSD_ICM";"Buy";"24973.1";"24980.6";"2025.10.03 11:00:00";"2025.10.03 12:58:00";"40.0";"300.00";"24948.09961";"24980.59961";"64600.00";"0.00";"OOS1";"PT";"1h 58m";"-0.00"
"353";"USATECHIDXUSD_ICM";"Buy";"25135.4";"25142.9";"2025.10.10 15:00:00";"2025.10.10 15:09:00";"40.0";"300.00";"25110.40039";"25142.90039";"64900.00";"0.00";"OOS1";"PT";"9m 0s";"-0.00"
"354";"USATECHIDXUSD_ICM";"Buy";"24644.1";"24651.6";"2025.10.13 08:00:00";"2025.10.13 08:16:00";"40.0";"300.00";"24619.09961";"24651.59961";"65200.00";"0.00";"OOS1";"PT";"16m 0s";"-0.00"
"355";"USATECHIDXUSD_ICM";"Buy";"24509.9";"24517.4";"2025.10.14 10:00:00";"2025.10.14 10:01:00";"40.0";"300.00";"24484.90039";"24517.40039";"65500.00";"0.00";"OOS1";"PT";"1m 0s";"-0.00"
"356";"USATECHIDXUSD_ICM";"Buy";"24759.6";"24767.1";"2025.10.16 08:00:00";"2025.10.16 08:22:00";"40.0";"300.00";"24734.59961";"24767.09961";"65800.00";"0.00";"OOS1";"PT";"22m 0s";"-0.00"
"357";"USATECHIDXUSD_ICM";"Buy";"24876.0";"24883.5";"2025.10.20 14:00:00";"2025.10.20 14:00:00";"40.0";"300.00";"24851.00000";"24883.50000";"66100.00";"0.00";"OOS1";"PT";"0s";"-0.00"
"358";"USATECHIDXUSD_ICM";"Buy";"25145.9";"25120.9";"2025.10.21 08:00:00";"2025.10.21 08:50:00";"40.0";"-1000.00";"25120.90039";"25153.40039";"65100.00";"0.00";"OOS1";"SL";"50m 0s";"-0.00"
"359";"USATECHIDXUSD_ICM";"Buy";"25138.4";"25113.4";"2025.10.22 11:00:00";"2025.10.22 11:12:00";"40.0";"-1000.00";"25113.40039";"25145.90039";"64100.00";"0.00";"OOS1";"SL";"12m 0s";"-0.00"
"360";"USATECHIDXUSD_ICM";"Buy";"24938.8";"24946.3";"2025.10.23 09:00:00";"2025.10.23 09:46:00";"40.0";"300.00";"24913.80078";"24946.30078";"64400.00";"0.00";"OOS1";"PT";"46m 0s";"-0.00"
"361";"USATECHIDXUSD_ICM";"Buy";"25203.8";"25211.3";"2025.10.24 12:00:00";"2025.10.24 12:18:00";"40.0";"300.00";"25178.80078";"25211.30078";"64700.00";"0.00";"OOS1";"PT";"18m 0s";"-0.00"
"362";"USATECHIDXUSD_ICM";"Buy";"25657.9";"25665.4";"2025.10.27 12:00:00";"2025.10.27 12:35:00";"40.0";"300.00";"25632.90039";"25665.40039";"65000.00";"0.00";"OOS1";"PT";"35m 0s";"-0.00"
"363";"USATECHIDXUSD_ICM";"Buy";"25817.3";"25824.8";"2025.10.28 08:00:00";"2025.10.28 09:00:00";"40.0";"300.00";"25792.30078";"25824.80078";"65300.00";"0.00";"OOS1";"PT";"1h 0m";"-0.00"
"364";"USATECHIDXUSD_ICM";"Buy";"26095.5";"26103.0";"2025.10.29 13:00:00";"2025.10.29 13:08:00";"40.0";"300.00";"26070.50000";"26103.00000";"65600.00";"0.00";"OOS1";"PT";"8m 0s";"-0.00"
"365";"USATECHIDXUSD_ICM";"Buy";"26083.3";"26090.8";"2025.10.30 10:00:00";"2025.10.30 10:01:00";"40.0";"300.00";"26058.30078";"26090.80078";"65900.00";"0.00";"OOS1";"PT";"1m 0s";"-0.00"
"366";"USATECHIDXUSD_ICM";"Buy";"26024.4";"26031.9";"2025.10.31 10:00:00";"2025.10.31 10:26:00";"40.0";"300.00";"25999.40039";"26031.90039";"66200.00";"0.00";"OOS1";"PT";"26m 0s";"-0.00"
"367";"USATECHIDXUSD_ICM";"Buy";"25898.0";"25905.5";"2025.11.03 10:00:00";"2025.11.03 10:05:00";"40.0";"300.00";"25873.00000";"25905.50000";"66500.00";"0.00";"OOS1";"PT";"5m 0s";"-0.00"
"368";"USATECHIDXUSD_ICM";"Buy";"25664.3";"25639.3";"2025.11.04 10:00:00";"2025.11.04 10:03:00";"40.0";"-1000.00";"25639.30078";"25671.80078";"65500.00";"0.00";"OOS1";"SL";"3m 0s";"-0.00"
"369";"USATECHIDXUSD_ICM";"Buy";"25562.3";"25569.8";"2025.11.06 09:00:00";"2025.11.06 09:08:00";"40.0";"300.00";"25537.30078";"25569.80078";"65800.00";"0.00";"OOS1";"PT";"8m 0s";"-0.00"
"370";"USATECHIDXUSD_ICM";"Buy";"25583.4";"25558.4";"2025.11.11 09:00:00";"2025.11.11 09:17:00";"40.0";"-1000.00";"25558.40039";"25590.90039";"64800.00";"0.00";"OOS1";"SL";"17m 0s";"-0.00"
"371";"USATECHIDXUSD_ICM";"Buy";"25688.9";"25696.4";"2025.11.12 15:00:00";"2025.11.12 15:04:00";"40.0";"300.00";"25663.90039";"25696.40039";"65100.00";"0.00";"OOS1";"PT";"4m 0s";"-0.00"
"372";"USATECHIDXUSD_ICM";"Buy";"25466.5";"25474.0";"2025.11.13 12:00:00";"2025.11.13 12:05:00";"40.0";"300.00";"25441.50000";"25474.00000";"65400.00";"0.00";"OOS1";"PT";"5m 0s";"-0.00"
"373";"USATECHIDXUSD_ICM";"Buy";"25007.8";"24982.8";"2025.11.14 08:00:00";"2025.11.14 08:03:00";"40.0";"-1000.00";"24982.80078";"25015.30078";"64400.00";"0.00";"OOS1";"SL";"3m 0s";"-0.00"
"374";"USATECHIDXUSD_ICM";"Buy";"25150.9";"25158.4";"2025.11.17 09:00:00";"2025.11.17 09:01:00";"40.0";"300.00";"25125.90039";"25158.40039";"64700.00";"0.00";"OOS1";"PT";"1m 0s";"-0.00"
"375";"USATECHIDXUSD_ICM";"Buy";"24454.9";"24462.4";"2025.11.19 08:00:00";"2025.11.19 08:00:00";"40.0";"300.00";"24429.90039";"24462.40039";"65000.00";"0.00";"OOS1";"PT";"0s";"-0.00"
"376";"USATECHIDXUSD_ICM";"Buy";"24977.9";"24952.9";"2025.11.20 12:00:00";"2025.11.20 12:06:00";"40.0";"-1000.00";"24952.90039";"24985.40039";"64000.00";"0.00";"OOS1";"SL";"6m 0s";"-0.00"
"377";"USATECHIDXUSD_ICM";"Buy";"23963.0";"23938.0";"2025.11.21 12:00:00";"2025.11.21 12:00:00";"40.0";"-1000.00";"23938.00000";"23970.50000";"63000.00";"0.00";"OOS1";"SL";"0s";"-0.00"
"378";"USATECHIDXUSD_ICM";"Buy";"24407.9";"24382.9";"2025.11.24 09:00:00";"2025.11.24 09:03:00";"40.0";"-1000.00";"24382.90039";"24415.40039";"62000.00";"0.00";"OOS1";"SL";"3m 0s";"-0.00"
"379";"USATECHIDXUSD_ICM";"Buy";"24835.2";"24842.7";"2025.11.25 09:00:00";"2025.11.25 09:38:00";"40.0";"300.00";"24810.19922";"24842.69922";"62300.00";"0.00";"OOS1";"PT";"38m 0s";"-0.00"
"380";"USATECHIDXUSD_ICM";"Buy";"25136.8";"25144.3";"2025.11.26 13:00:00";"2025.11.26 13:24:00";"40.0";"300.00";"25111.80078";"25144.30078";"62600.00";"0.00";"OOS1";"PT";"24m 0s";"-0.00"
"381";"USATECHIDXUSD_ICM";"Buy";"25242.0";"25249.5";"2025.11.27 09:00:00";"2025.11.27 09:16:00";"40.0";"300.00";"25217.00000";"25249.50000";"62900.00";"0.00";"OOS1";"PT";"16m 0s";"-0.00"
"382";"USATECHIDXUSD_ICM";"Buy";"25245.3";"25252.8";"2025.12.01 14:00:00";"2025.12.01 14:00:00";"40.0";"300.00";"25220.30078";"25252.80078";"63200.00";"0.00";"OOS1";"PT";"0s";"-0.00"
"383";"USATECHIDXUSD_ICM";"Buy";"25324.4";"25299.4";"2025.12.02 08:00:00";"2025.12.02 08:11:00";"40.0";"-1000.00";"25299.40039";"25331.90039";"62200.00";"0.00";"OOS1";"SL";"11m 0s";"-0.00"
"384";"USATECHIDXUSD_ICM";"Buy";"25612.3";"25619.8";"2025.12.03 09:00:00";"2025.12.03 09:14:00";"40.0";"300.00";"25587.30078";"25619.80078";"62500.00";"0.00";"OOS1";"PT";"14m 0s";"-0.00"
"385";"USATECHIDXUSD_ICM";"Buy";"25685.7";"25693.2";"2025.12.05 11:00:00";"2025.12.05 11:05:00";"40.0";"300.00";"25660.69922";"25693.19922";"62800.00";"0.00";"OOS1";"PT";"5m 0s";"-0.00"
"386";"USATECHIDXUSD_ICM";"Buy";"25738.8";"25746.3";"2025.12.08 14:00:00";"2025.12.08 14:03:00";"40.0";"300.00";"25713.80078";"25746.30078";"63100.00";"0.00";"OOS1";"PT";"3m 0s";"-0.00"
"387";"USATECHIDXUSD_ICM";"Buy";"25651.6";"25659.1";"2025.12.09 09:00:00";"2025.12.09 09:05:00";"40.0";"300.00";"25626.59961";"25659.09961";"63400.00";"0.00";"OOS1";"PT";"5m 0s";"-0.00"
"388";"USATECHIDXUSD_ICM";"Buy";"25620.4";"25627.9";"2025.12.10 15:00:00";"2025.12.10 15:13:00";"40.0";"300.00";"25595.40039";"25627.90039";"63700.00";"0.00";"OOS1";"PT";"13m 0s";"-0.00"
"389";"USATECHIDXUSD_ICM";"Buy";"25673.6";"25681.1";"2025.12.12 08:00:00";"2025.12.12 08:26:00";"40.0";"300.00";"25648.59961";"25681.09961";"64000.00";"0.00";"OOS1";"PT";"26m 0s";"-0.00"
"390";"USATECHIDXUSD_ICM";"Buy";"25239.8";"25247.3";"2025.12.15 10:00:00";"2025.12.15 10:06:00";"40.0";"300.00";"25214.80078";"25247.30078";"64300.00";"0.00";"OOS1";"PT";"6m 0s";"-0.00"
"391";"USATECHIDXUSD_ICM";"Buy";"24861.4";"24868.9";"2025.12.16 10:00:00";"2025.12.16 10:00:00";"40.0";"300.00";"24836.40039";"24868.90039";"64600.00";"0.00";"OOS1";"PT";"0s";"-0.00"
"392";"USATECHIDXUSD_ICM";"Buy";"25476.3";"25483.8";"2025.12.22 12:00:00";"2025.12.22 14:10:00";"40.0";"300.00";"25451.30078";"25483.80078";"64900.00";"0.00";"OOS1";"PT";"2h 10m";"-0.00"
"393";"USATECHIDXUSD_ICM";"Buy";"25454.6";"25429.6";"2025.12.23 15:00:00";"2025.12.23 15:20:00";"40.0";"-1000.00";"25429.59961";"25462.09961";"63900.00";"0.00";"OOS1";"SL";"20m 0s";"-0.00"
"394";"USATECHIDXUSD_ICM";"Buy";"25566.6";"25574.1";"2025.12.24 08:00:00";"2025.12.24 08:16:00";"40.0";"300.00";"25541.59961";"25574.09961";"64200.00";"0.00";"OOS1";"PT";"16m 0s";"-0.00"
"395";"USATECHIDXUSD_ICM";"Buy";"25658.3";"25633.3";"2025.12.26 08:00:00";"2025.12.26 09:19:00";"40.0";"-1000.00";"25633.30078";"25665.80078";"63200.00";"0.00";"OOS1";"SL";"1h 19m";"-0.00"
"396";"USATECHIDXUSD_ICM";"Buy";"25585.6";"25560.6";"2025.12.29 10:00:00";"2025.12.29 10:28:00";"40.0";"-1000.00";"25560.59961";"25593.09961";"62200.00";"0.00";"OOS1";"SL";"28m 0s";"-0.00"
"397";"USATECHIDXUSD_ICM";"Buy";"25528.4";"25535.9";"2025.12.30 11:00:00";"2025.12.30 11:28:00";"40.0";"300.00";"25503.40039";"25535.90039";"62500.00";"0.00";"OOS1";"PT";"28m 0s";"-0.00"
"398";"USATECHIDXUSD_ICM";"Buy";"25394.2";"25401.7";"2025.12.31 08:00:00";"2025.12.31 09:31:00";"40.0";"300.00";"25369.19922";"25401.69922";"62800.00";"0.00";"OOS1";"PT";"1h 31m";"-0.00"
